business_name,search_category,primary_category,all_categories,pincode,circle,region,division,major_offices,phone_number,website,rating,reviews_count,address,area,latitude,longitude,place_id,place_url,part_id,crawled_at,s_no
KONKAN INDUSTRIAL PUBLICATIONS,Businesses,Business to business service,"Business to business service, Direct mail advertising, Industrial equipment supplier",416805,Maharashtra Circle,Goa-Panaji Region,SINDHUDURG DIVISION,"Vada S.O (Sindhudurg), Nadan B.O, Pural B.O",+91 90296 58808,http://www.konkanindustrialpublications.com/,4.4,7.0,"No. 2, Om Krishna Kutir, Madhu Nashikkar Marg, X Road, Ram Maruti Rd, near Bedekar Hospital, Thane West, Maharashtra 400602","Naupada, Thane West",19.1889775,72.9729646,ChIJD-dsKIvp5zsRPWZho3Y6tj0,https://www.google.com/maps/place/?q=place_id:ChIJD-dsKIvp5zsRPWZho3Y6tj0,part_136,2026-09-22 06:00:56,9494
Business in Maharashtra,Businesses,Advertising agency,Advertising agency,416805,Maharashtra Circle,Goa-Panaji Region,SINDHUDURG DIVISION,"Vada S.O (Sindhudurg), Nadan B.O, Pural B.O",N/A,https://businessinmaharashtra.com/,4.7,3.0,"Satyapuram Co-operative Housing Society, SP Infocity, Hadapsar, Pune, Maharashtra 412308","Satyapuram Co-operative Housing Society, SP Infocity, Hadapsar",18.4903759,73.9505855,ChIJ4Uq58djpwjsR2IqwaG-6gkE,https://www.google.com/maps/place/?q=place_id:ChIJ4Uq58djpwjsR2IqwaG-6gkE,part_136,2026-09-22 06:00:56,9495
Sayali Mungekar,Businesses,Website designer,"Website designer, Service establishment",416805,Maharashtra Circle,Goa-Panaji Region,SINDHUDURG DIVISION,"Vada S.O (Sindhudurg), Nadan B.O, Pural B.O",+91 84592 51890,N/A,,,"Sayali Mungekar, 416805, India",416805,21.0680074,82.7525294,ChIJd6XY6TGd6jsRTEwcZNx9DxU,https://www.google.com/maps/place/?q=place_id:ChIJd6XY6TGd6jsRTEwcZNx9DxU,part_136,2026-09-22 06:00:56,9496
Shivram Hadkar,Businesses,Housing society,Housing society,416805,Maharashtra Circle,Goa-Panaji Region,SINDHUDURG DIVISION,"Vada S.O (Sindhudurg), Nadan B.O, Pural B.O",N/A,N/A,5.0,1.0,"C9W8+FW4, Pural, Kalambai, Maharashtra 416805",416805,16.446288799999998,73.3674087,ChIJiYx9yIqF6jsRnOu6vdKCWHI,https://www.google.com/maps/place/?q=place_id:ChIJiYx9yIqF6jsRnOu6vdKCWHI,part_136,2026-09-22 06:00:56,9497
Falcon Ebiz Private Limited,Businesses,Software company,Software company,416805,Maharashtra Circle,Goa-Panaji Region,SINDHUDURG DIVISION,"Vada S.O (Sindhudurg), Nadan B.O, Pural B.O",+91 91677 89464,https://www.falconebiz.com/,3.2,20.0,"Office No 1, Ground Floor, Building No 18B, Phase I, Vrindavan Society, Thane West, Thane, Maharashtra 400601","Phase I, Vrindavan Society, Thane West",19.2101856,72.9836328,ChIJ6TA-TTm55zsRv3CcvLANHYE,https://www.google.com/maps/place/?q=place_id:ChIJ6TA-TTm55zsRv3CcvLANHYE,part_136,2026-09-22 06:00:56,9498
Tamhankar Wada,Businesses,Apartment building,Apartment building,416805,Maharashtra Circle,Goa-Panaji Region,SINDHUDURG DIVISION,"Vada S.O (Sindhudurg), Nadan B.O, Pural B.O",N/A,N/A,,,"C9VX+9CX, Wada, Maharashtra 416805",416805,16.4426365,73.3983349,ChIJH9_JBwCD6jsR9xz5F9RL7oI,https://www.google.com/maps/place/?q=place_id:ChIJH9_JBwCD6jsR9xz5F9RL7oI,part_136,2026-09-22 06:00:56,9499
Matru-Shilp,Businesses,Housing development,Housing development,416805,Maharashtra Circle,Goa-Panaji Region,SINDHUDURG DIVISION,"Vada S.O (Sindhudurg), Nadan B.O, Pural B.O",N/A,N/A,5.0,1.0,"C9RW+9JX, Wada, Maharashtra 416805",416805,16.4403003,73.3974447,ChIJhePYv4uD6jsRFQjC4JwxIMc,https://www.google.com/maps/place/?q=place_id:ChIJhePYv4uD6jsRFQjC4JwxIMc,part_136,2026-09-22 06:00:56,9500
सुनिल नामदेव भाबल निवास,Businesses,Housing complex,Housing complex,416805,Maharashtra Circle,Goa-Panaji Region,SINDHUDURG DIVISION,"Vada S.O (Sindhudurg), Nadan B.O, Pural B.O",N/A,N/A,5.0,1.0,"Virwadi, Maharashtra 416805",416805,16.417449899999998,73.4135441,ChIJN9kd9Vyd6jsRNLaI3v-f_gY,https://www.google.com/maps/place/?q=place_id:ChIJN9kd9Vyd6jsRNLaI3v-f_gY,part_136,2026-09-22 06:00:56,9501
Sutar Wadi,Businesses,Housing society,Housing society,416805,Maharashtra Circle,Goa-Panaji Region,SINDHUDURG DIVISION,"Vada S.O (Sindhudurg), Nadan B.O, Pural B.O",N/A,N/A,3.5,2.0,"C9VQ+54P, Wada, Maharashtra 416805",416805,16.442954399999998,73.38782259999999,ChIJx70OD16D6jsR8Lmfgv6sVDs,https://www.google.com/maps/place/?q=place_id:ChIJx70OD16D6jsR8Lmfgv6sVDs,part_136,2026-09-22 06:00:56,9502
1qlik,Businesses,Advertising agency,"Advertising agency, Computer support and services, Web hosting company, Website designer",416805,Maharashtra Circle,Goa-Panaji Region,SINDHUDURG DIVISION,"Vada S.O (Sindhudurg), Nadan B.O, Pural B.O",+91 88068 48788,https://1qlik.com/business/offers-98FB.html,5.0,4.0,"Bengaluru - Pune Hwy, opposite Natraj Theater, Malakapur, Malkapur, Maharashtra 415110",Malakapur,17.2666824,74.1790322,ChIJn2ewiAGDwTsR04OOpCTthzI,https://www.google.com/maps/place/?q=place_id:ChIJn2ewiAGDwTsR04OOpCTthzI,part_136,2026-09-22 06:00:56,9503
Wada Devgad Sindhudurg,Businesses,Apartment complex,Apartment complex,416805,Maharashtra Circle,Goa-Panaji Region,SINDHUDURG DIVISION,"Vada S.O (Sindhudurg), Nadan B.O, Pural B.O",N/A,N/A,5.0,2.0,"C9VX+9CX, Wada, Maharashtra 416805",416805,16.4434838,73.3985974,ChIJaxStSgCD6jsRMVOMybGLIKo,https://www.google.com/maps/place/?q=place_id:ChIJaxStSgCD6jsRMVOMybGLIKo,part_136,2026-09-22 06:00:56,9504
Phanse,Businesses,Housing development,Housing development,416805,Maharashtra Circle,Goa-Panaji Region,SINDHUDURG DIVISION,"Vada S.O (Sindhudurg), Nadan B.O, Pural B.O",N/A,N/A,5.0,6.0,"C9P8+M6R, Devgad, Phanase, Maharashtra 416805",416805,16.4367634,73.3656912,ChIJ79VyIACF6jsRmkeViBtPCrE,https://www.google.com/maps/place/?q=place_id:ChIJ79VyIACF6jsRmkeViBtPCrE,part_136,2026-09-22 06:00:56,9505
Phadke Home,Businesses,Housing development,Housing development,416805,Maharashtra Circle,Goa-Panaji Region,SINDHUDURG DIVISION,"Vada S.O (Sindhudurg), Nadan B.O, Pural B.O",N/A,N/A,5.0,1.0,"CC53+3F2, Wadatar, Maharashtra 416612",416805,16.4076447,73.40364579999999,ChIJtXlXcACd6jsRj8SzRRej7FE,https://www.google.com/maps/place/?q=place_id:ChIJtXlXcACd6jsRj8SzRRej7FE,part_136,2026-09-22 06:00:56,9506
Siddhesh phansekar,Businesses,Apartment building,Apartment building,416805,Maharashtra Circle,Goa-Panaji Region,SINDHUDURG DIVISION,"Vada S.O (Sindhudurg), Nadan B.O, Pural B.O",N/A,N/A,,,"C9Q7+2XF, Phanase, Maharashtra 416805",416805,16.4375695,73.3649121,ChIJR5WB8fWF6jsR4y1wXtBQtc0,https://www.google.com/maps/place/?q=place_id:ChIJR5WB8fWF6jsR4y1wXtBQtc0,part_136,2026-09-22 06:00:56,9507
Rutu Mangoes Harshad Joshi,Businesses,Farm,Farm,416805,Maharashtra Circle,Goa-Panaji Region,SINDHUDURG DIVISION,"Vada S.O (Sindhudurg), Nadan B.O, Pural B.O",N/A,N/A,4.5,4.0,"C9WV+G57, MH SH4, Wada, Maharashtra 416805",416805,16.4462763,73.3929247,ChIJaetxVECD6jsRtGCU7-6kPec,https://www.google.com/maps/place/?q=place_id:ChIJaetxVECD6jsRtGCU7-6kPec,part_136,2026-09-22 06:00:56,9508
Rutik Pujare (RP PRINTS),Businesses,Print shop,Print shop,416805,Maharashtra Circle,Goa-Panaji Region,SINDHUDURG DIVISION,"Vada S.O (Sindhudurg), Nadan B.O, Pural B.O",+91 87679 04992,N/A,5.0,2.0,"F934+8XX, Kalambai, Devgad, Maharashtra 416805",416805,16.4533125,73.3574375,ChIJA2FGhrGF6jsRGTGvhEJLDQo,https://www.google.com/maps/place/?q=place_id:ChIJA2FGhrGF6jsRGTGvhEJLDQo,part_136,2026-09-22 06:00:57,9509
Vinata Foods,Businesses,Food Processing Company,Food Processing Company,416805,Maharashtra Circle,Goa-Panaji Region,SINDHUDURG DIVISION,"Vada S.O (Sindhudurg), Nadan B.O, Pural B.O",+91 86988 11198,http://www.vinatafoods.com/,5.0,1.0,"204, Velankar Wadi At post - Nadan Tal, 204, Tal, VELANAKAR VADI, Nadan, DEVGAD, Maharashtra 416805",VELANAKAR VADI,16.441338899999998,73.4154482,ChIJF4fxnV6D6jsRSxOEPJsS-gs,https://www.google.com/maps/place/?q=place_id:ChIJF4fxnV6D6jsRSxOEPJsS-gs,part_136,2026-09-22 06:00:57,9510
Konkan Trade,Businesses,E - Commerce Agency,E - Commerce Agency,416805,Maharashtra Circle,Goa-Panaji Region,SINDHUDURG DIVISION,"Vada S.O (Sindhudurg), Nadan B.O, Pural B.O",+91 99211 56229,https://konkantrade.com/,,,"At Post, Vijaydurg Rd, Padel Canteen, Devgad, Padel, Devgad, Padel, Maharashtra 416805","Padel Canteen, Devgad, Padel",16.4700086,73.3895283,ChIJE0zLvHGD6jsRfrxCwoeucRk,https://www.google.com/maps/place/?q=place_id:ChIJE0zLvHGD6jsRfrxCwoeucRk,part_136,2026-09-22 06:00:57,9511
prabhu agri mart,Businesses,Agricultural production,"Agricultural production, Agricultural service",416805,Maharashtra Circle,Goa-Panaji Region,SINDHUDURG DIVISION,"Vada S.O (Sindhudurg), Nadan B.O, Pural B.O",N/A,N/A,4.6,34.0,"bhogate compound, near srm collage chowk, udayamnagar, Kudal, Maharashtra 416520",udayamnagar,16.0020041,73.6913704,ChIJqWpoDdEPwDsR32fA1Um6yqY,https://www.google.com/maps/place/?q=place_id:ChIJqWpoDdEPwDsR32fA1Um6yqY,part_136,2026-09-22 06:00:58,9512
DEVESH ENTERPRISES,Businesses,Electronics store,Electronics store,416805,Maharashtra Circle,Goa-Panaji Region,SINDHUDURG DIVISION,"Vada S.O (Sindhudurg), Nadan B.O, Pural B.O",+91 82752 59338,N/A,4.9,8.0,"Kudal-Vengurla Rd, opp. MSEB Office, Kumbharwadi, Kudal, Maharashtra 416520",Kumbharwadi,15.995701599999999,73.6814478,ChIJM5wP51gPwDsRE89k9dck9hc,https://www.google.com/maps/place/?q=place_id:ChIJM5wP51gPwDsRE89k9dck9hc,part_136,2026-09-22 06:00:58,9513
SAHAKAR SAMRUDDHI HP GAS AGENCY JAMSANDE,Businesses,Gas Agency,Gas Agency,416805,Maharashtra Circle,Goa-Panaji Region,SINDHUDURG DIVISION,"Vada S.O (Sindhudurg), Nadan B.O, Pural B.O",+91 94211 46107,http://www.myhpgas.in/,2.7,3.0,"99HW+J3C, Jamsande, Devgad, Maharashtra 416612",416805,16.379262999999998,73.394931,ChIJIZ6vMACd6jsRR6gtygMcts0,https://www.google.com/maps/place/?q=place_id:ChIJIZ6vMACd6jsRR6gtygMcts0,part_136,2026-09-22 06:00:58,9514
Vijayshree Agro,Businesses,Agricultural Product Wholesaler,Agricultural Product Wholesaler,416805,Maharashtra Circle,Goa-Panaji Region,SINDHUDURG DIVISION,"Vada S.O (Sindhudurg), Nadan B.O, Pural B.O",+91 94224 35003,N/A,,,"Bus Stand, beside Sahyadri Hotel, opposite Kankavli, Kankavli, Maharashtra 416602",Kankavli,16.261908,73.70980899999999,ChIJifGUCC8WwDsRa3OmT0eHaf8,https://www.google.com/maps/place/?q=place_id:ChIJifGUCC8WwDsRa3OmT0eHaf8,part_136,2026-09-22 06:00:58,9515
Shri Rameshwar Bharatgas Gramin - Bharat Gas,Businesses,Gas Agency,Gas Agency,416806,Maharashtra Circle,Goa-Panaji Region,SINDHUDURG DIVISION,"Vijaydurg S.O, Girye B.O",+91 96735 63627,https://www.bharatpetroleum.in/our-businesses/bharatgas,4.0,12.0,"Sy. No. 6/3, At Post, Rameshwar, Vijaydurg, Maharashtra 416806",416806,16.539254,73.336434,ChIJS9hC6pGG6jsRfE8-Ve82w3A,https://www.google.com/maps/place/?q=place_id:ChIJS9hC6pGG6jsRfE8-Ve82w3A,part_136,2026-09-22 06:01:30,13364
Sawant Nivas,Businesses,Apartment building,Apartment building,416806,Maharashtra Circle,Goa-Panaji Region,SINDHUDURG DIVISION,"Vijaydurg S.O, Girye B.O",N/A,N/A,5.0,1.0,"H82P+2GX, Vijaydurg, Maharashtra 416806",416806,16.5508494,73.3362317,ChIJNcVsICmH6jsRwackBNX0RLU,https://www.google.com/maps/place/?q=place_id:ChIJNcVsICmH6jsRwackBNX0RLU,part_136,2026-09-22 06:01:30,13365
Subhash lad,Businesses,Housing complex,Housing complex,416806,Maharashtra Circle,Goa-Panaji Region,SINDHUDURG DIVISION,"Vijaydurg S.O, Girye B.O",N/A,N/A,5.0,1.0,"G8GH+4V4, Vijaydurg, Rameshwar, Maharashtra 416806",416806,16.5249828,73.33058059999999,ChIJp-6nCACH6jsRgiUkjbNA2hA,https://www.google.com/maps/place/?q=place_id:ChIJp-6nCACH6jsRgiUkjbNA2hA,part_136,2026-09-22 06:01:30,13366
मु. म. चौगुले,Businesses,Housing complex,Housing complex,416806,Maharashtra Circle,Goa-Panaji Region,SINDHUDURG DIVISION,"Vijaydurg S.O, Girye B.O",N/A,N/A,5.0,1.0,"117 ANPUR RAMESHWAR, Vijaydurg, Maharashtra 416806",416806,16.5188941,73.34897889999999,ChIJSStwZWuH6jsR-P4l00VIF5Y,https://www.google.com/maps/place/?q=place_id:ChIJSStwZWuH6jsR-P4l00VIF5Y,part_136,2026-09-22 06:01:30,13367
"Anaji Ramchandra Dudwadkar, Sumati Sadan",Businesses,Housing complex,Housing complex,416806,Maharashtra Circle,Goa-Panaji Region,SINDHUDURG DIVISION,"Vijaydurg S.O, Girye B.O",N/A,N/A,5.0,4.0,"F8PV+MXQ, Sumati sadan,Girye kotharwadi, Vijaydurg Rd, Dist, Maharashtra 416806",416806,16.4867228,73.3449894,ChIJKzaTmkGE6jsR0HVH-lwNMmg,https://www.google.com/maps/place/?q=place_id:ChIJKzaTmkGE6jsR0HVH-lwNMmg,part_136,2026-09-22 06:01:30,13368
"Pujarewadi Road,Girye, Maharashtra",Businesses,Housing society,Housing society,416806,Maharashtra Circle,Goa-Panaji Region,SINDHUDURG DIVISION,"Vijaydurg S.O, Girye B.O",N/A,N/A,5.0,1.0,"G82W+F7J, MH SH 115, Pural, Girye, Maharashtra 416806",Pural,16.5012157,73.34565429999999,ChIJG1esWHWF6jsRuleh1idkRSE,https://www.google.com/maps/place/?q=place_id:ChIJG1esWHWF6jsRuleh1idkRSE,part_136,2026-09-22 06:01:30,13369
Aadhar Girye & CSC Girye,Businesses,Aadhaar center,"Aadhaar center, Internet shop",416806,Maharashtra Circle,Goa-Panaji Region,SINDHUDURG DIVISION,"Vijaydurg S.O, Girye B.O",N/A,N/A,4.7,3.0,"G82W+56Q, Pural, Girye, Maharashtra 416806",Pural,16.500473,73.34562129999999,ChIJlamcbFeF6jsREa_MjOBNzpU,https://www.google.com/maps/place/?q=place_id:ChIJlamcbFeF6jsREa_MjOBNzpU,part_136,2026-09-22 06:01:30,13370
Sahil Manchekar House,Businesses,Housing complex,Housing complex,416806,Maharashtra Circle,Goa-Panaji Region,SINDHUDURG DIVISION,"Vijaydurg S.O, Girye B.O",N/A,N/A,5.0,1.0,"H83P+RPV, Vijaydurg, Maharashtra 416806",416806,16.554813,73.33650659999999,ChIJV_xCCQCH6jsRi8v3kIPNEHw,https://www.google.com/maps/place/?q=place_id:ChIJV_xCCQCH6jsRi8v3kIPNEHw,part_136,2026-09-22 06:01:30,13371
Kelkar wadi केळकर वाडी,Businesses,Housing complex,Housing complex,416806,Maharashtra Circle,Goa-Panaji Region,SINDHUDURG DIVISION,"Vijaydurg S.O, Girye B.O",N/A,N/A,4.0,1.0,"G8XQ+F5J, Vijaydurg Rd, Vijaydurg, Maharashtra 416806",416806,16.548724,73.337895,ChIJM_nPGvKH6jsRzmxIaHkyn6E,https://www.google.com/maps/place/?q=place_id:ChIJM_nPGvKH6jsRzmxIaHkyn6E,part_136,2026-09-22 06:01:30,13372
ढमाले वाडेकर वठार,Businesses,Housing society,Housing society,416806,Maharashtra Circle,Goa-Panaji Region,SINDHUDURG DIVISION,"Vijaydurg S.O, Girye B.O",N/A,N/A,5.0,1.0,"H82P+H2W, Vijaydurg, Maharashtra 416806",416806,16.5514912,73.3350727,ChIJoUBYyFSH6jsRymHbBRXLu2c,https://www.google.com/maps/place/?q=place_id:ChIJoUBYyFSH6jsRymHbBRXLu2c,part_136,2026-09-22 06:01:30,13373
Talekar Niwas,Businesses,Apartment building,Apartment building,416806,Maharashtra Circle,Goa-Panaji Region,SINDHUDURG DIVISION,"Vijaydurg S.O, Girye B.O",+91 98197 40027,N/A,5.0,1.0,"H83M+GC5, Vijaydurg, Maharashtra 416806",416806,16.553753399999998,73.3336212,ChIJR_1UbwCH6jsRSJrkw_e6f8I,https://www.google.com/maps/place/?q=place_id:ChIJR_1UbwCH6jsRSJrkw_e6f8I,part_136,2026-09-22 06:01:30,13374
दत्तात्रेय बंगला,Businesses,Housing complex,Housing complex,416806,Maharashtra Circle,Goa-Panaji Region,SINDHUDURG DIVISION,"Vijaydurg S.O, Girye B.O",N/A,N/A,,,"Vijaydurg, Maharashtra 416806",416806,16.5526792,73.3332573,ChIJR0xKKwCH6jsR7gwbpYYbX28,https://www.google.com/maps/place/?q=place_id:ChIJR0xKKwCH6jsR7gwbpYYbX28,part_136,2026-09-22 06:01:30,13375
Khatavkar's,Businesses,Housing society,Housing society,416806,Maharashtra Circle,Goa-Panaji Region,SINDHUDURG DIVISION,"Vijaydurg S.O, Girye B.O",N/A,N/A,,,"H83M+4H2, Vijaydurg, Maharashtra 416806",416806,16.552754999999998,73.3338825,ChIJHXHeTBWH6jsRWAPmBeAyQe4,https://www.google.com/maps/place/?q=place_id:ChIJHXHeTBWH6jsRWAPmBeAyQe4,part_136,2026-09-22 06:01:30,13376
RAMCHANDRA Narayan MANCHEKAR,Businesses,Housing complex,Housing complex,416806,Maharashtra Circle,Goa-Panaji Region,SINDHUDURG DIVISION,"Vijaydurg S.O, Girye B.O",N/A,N/A,,,"H83Q+368, Vijaydurg, Maharashtra 416806",416806,16.5523442,73.3380911,ChIJSZkoUgCH6jsRAtJB1D774n0,https://www.google.com/maps/place/?q=place_id:ChIJSZkoUgCH6jsRAtJB1D774n0,part_136,2026-09-22 06:01:30,13377
Angel One Ltd. - Ajit Yashwant Rawool,Businesses,Stock broker,"Stock broker, Finance broker, Financial consultant, Financial planner, Online Share Trading Center",416806,Maharashtra Circle,Goa-Panaji Region,SINDHUDURG DIVISION,"Vijaydurg S.O, Girye B.O",+91 79 4287 7742,https://stockbroker.angelone.in/angel-one-ltd-ajit-yashwant-rawool-stock-broker-vetore-sindhudurg-445750/Home?utm_source=locator&utm_medium=googleplaces,5.0,2.0,"Ground Floor, Vengurla Road, near Sateri Temple, Vetore, Maharashtra 416516",416806,15.9173297,73.6648299,ChIJi0QxD4gJwDsREysbdVKLXQ4,https://www.google.com/maps/place/?q=place_id:ChIJi0QxD4gJwDsREysbdVKLXQ4,part_136,2026-09-22 06:01:30,13378
Sujay Suresh Ghadi,Businesses,Apartment building,Apartment building,416806,Maharashtra Circle,Goa-Panaji Region,SINDHUDURG DIVISION,"Vijaydurg S.O, Girye B.O",N/A,N/A,5.0,1.0,"F8XV+R9H, Girye, Maharashtra 416806",416806,16.4995668,73.34349879999999,ChIJZ-A0bwCF6jsRncBgF4Hd8w8,https://www.google.com/maps/place/?q=place_id:ChIJZ-A0bwCF6jsRncBgF4Hd8w8,part_136,2026-09-22 06:01:30,13379
घाटये बंधू,Businesses,Farm shop,Farm shop,416806,Maharashtra Circle,Goa-Panaji Region,SINDHUDURG DIVISION,"Vijaydurg S.O, Girye B.O",+91 77984 06565,N/A,5.0,6.0,"Ghatyewadi Near Tarbandar, Devgad, Girye, Maharashtra 416806",416806,16.5040886,73.34402519999999,ChIJXyVC07uF6jsRPENzWUUpdIQ,https://www.google.com/maps/place/?q=place_id:ChIJXyVC07uF6jsRPENzWUUpdIQ,part_136,2026-09-22 06:01:31,13380
S.P. LALIT ALPHONSO Mango farms,Businesses,Farm,Farm,416806,Maharashtra Circle,Goa-Panaji Region,SINDHUDURG DIVISION,"Vijaydurg S.O, Girye B.O",N/A,N/A,4.7,3.0,"Vodafone Tower, Back side of, MH SH4, Girye, Maharashtra 416806",416806,16.4940843,73.3484316,ChIJJUuBl0KF6jsRKEeEX7gYJbg,https://www.google.com/maps/place/?q=place_id:ChIJJUuBl0KF6jsRKEeEX7gYJbg,part_136,2026-09-22 06:01:31,13381
Vishram Dham,Businesses,Apartment building,Apartment building,416806,Maharashtra Circle,Goa-Panaji Region,SINDHUDURG DIVISION,"Vijaydurg S.O, Girye B.O",N/A,N/A,5.0,1.0,"F8QV+2FP, At & Post Girye(Kotharwadi, Tal.Devgad, Dist, Vijaydurg, Maharashtra 416806",416806,16.4875754,73.3437063,ChIJt8yVJOWF6jsRsB1V0zMSVHw,https://www.google.com/maps/place/?q=place_id:ChIJt8yVJOWF6jsRsB1V0zMSVHw,part_136,2026-09-22 06:01:31,13382
Vivek Pose,Businesses,Housing development,Housing development,416806,Maharashtra Circle,Goa-Panaji Region,SINDHUDURG DIVISION,"Vijaydurg S.O, Girye B.O",N/A,N/A,5.0,1.0,"H83Q+44C, Vijaydurg, Maharashtra 416806",416806,16.552812799999998,73.3377773,ChIJzRBLHACH6jsRZYLOubXRO8c,https://www.google.com/maps/place/?q=place_id:ChIJzRBLHACH6jsRZYLOubXRO8c,part_136,2026-09-22 06:01:31,13383
MANGESH GIRKAR FAMILY,Businesses,Apartment building,Apartment building,416806,Maharashtra Circle,Goa-Panaji Region,SINDHUDURG DIVISION,"Vijaydurg S.O, Girye B.O",N/A,N/A,5.0,1.0,"H82M+CP7, Vijaydurg, Maharashtra 416806",416806,16.5510388,73.3343117,ChIJY5aBN9OH6jsRQIZ-0fhhCy4,https://www.google.com/maps/place/?q=place_id:ChIJY5aBN9OH6jsRQIZ-0fhhCy4,part_136,2026-09-22 06:01:31,13384
Dhopawkar villa,Businesses,Housing complex,Housing complex,416806,Maharashtra Circle,Goa-Panaji Region,SINDHUDURG DIVISION,"Vijaydurg S.O, Girye B.O",N/A,N/A,5.0,1.0,"G8XP+HXW, Vijaydurg Rd, Vijaydurg, Maharashtra 416806",416806,16.548987,73.33745139999999,ChIJPcbePbKH6jsRsvGG6YHESsE,https://www.google.com/maps/place/?q=place_id:ChIJPcbePbKH6jsRsvGG6YHESsE,part_136,2026-09-22 06:01:31,13385
"SHASHIKANT TRADING COMPANY, KUDAL",Businesses,Hardware store,Hardware store,416806,Maharashtra Circle,Goa-Panaji Region,SINDHUDURG DIVISION,"Vijaydurg S.O, Girye B.O",+91 97642 43655,N/A,4.0,4.0,"Shop No, Stand Oppo Aalave Fharsan, 22, Railway Station Rd, Sarambal, Kudal, Maharashtra 416520",Sarambal,16.0141596,73.6851126,ChIJwXQCRO0JwDsRV_j4XnaHxlI,https://www.google.com/maps/place/?q=place_id:ChIJwXQCRO0JwDsRV_j4XnaHxlI,part_136,2026-09-22 06:01:31,13386
MK scrap traders,Businesses,Salvage yard,Salvage yard,416806,Maharashtra Circle,Goa-Panaji Region,SINDHUDURG DIVISION,"Vijaydurg S.O, Girye B.O",+91 76202 41795,https://mk-scrap-traders.grexa.site/,4.8,16.0,"Muslim Wada Rd, Boma, Ponda, Goa 403107",416806,15.484493899999999,73.9594238,ChIJPd4zLqO9vzsRYJoLjtWazug,https://www.google.com/maps/place/?q=place_id:ChIJPd4zLqO9vzsRYJoLjtWazug,part_136,2026-09-22 06:01:31,13387
Pujari Electronics,Businesses,Electronics store,Electronics store,416806,Maharashtra Circle,Goa-Panaji Region,SINDHUDURG DIVISION,"Vijaydurg S.O, Girye B.O",N/A,N/A,4.0,4.0,"7P95+W54, Achara Rd, near Laxmi Chitra Mandir, Kankavli, Maharashtra 416602",Kankavli,16.2697531,73.7079686,ChIJrWXbWC8WwDsRE7kxXRhPonY,https://www.google.com/maps/place/?q=place_id:ChIJrWXbWC8WwDsRE7kxXRhPonY,part_136,2026-09-22 06:01:31,13388
BHAGYASHREE STEEL CENTER,Businesses,Home help,Home help,416806,Maharashtra Circle,Goa-Panaji Region,SINDHUDURG DIVISION,"Vijaydurg S.O, Girye B.O",+91 72777 25252,N/A,,,"Shop no. 1, SONAGEWADI OPPO S T STAND, Mumbai - Goa Hwy, Kankavli, Shirdhon, Kalmath, Maharashtra 416602",Kankavli,16.267549,73.6958322,ChIJeVRQFtAXwDsRQvHOkCx75ew,https://www.google.com/maps/place/?q=place_id:ChIJeVRQFtAXwDsRQvHOkCx75ew,part_136,2026-09-22 06:01:31,13389
Swaroop Electronics,Businesses,Electronics store,Electronics store,416807,Maharashtra Circle,Goa-Panaji Region,SINDHUDURG DIVISION,Tirlot S.O,+91 94225 27464,N/A,4.9,9.0,"Waghotan Creek Road, Tirlot, Maharashtra 416807",416807,16.497179499999998,73.39269329999999,ChIJJwSM6-qD6jsRHNSH8H_0afU,https://www.google.com/maps/place/?q=place_id:ChIJJwSM6-qD6jsRHNSH8H_0afU,part_136,2026-09-22 06:02:03,15911
Rane Niwas,Businesses,Housing complex,Housing complex,416807,Maharashtra Circle,Goa-Panaji Region,SINDHUDURG DIVISION,Tirlot S.O,N/A,N/A,5.0,2.0,"GC29+HFF, Soundale, Maharashtra 416807",416807,16.501793,73.417823,ChIJD5bYFACD6jsRB0liXdCovbs,https://www.google.com/maps/place/?q=place_id:ChIJD5bYFACD6jsRB0liXdCovbs,part_136,2026-09-22 06:02:03,15912
केदार माळगवे kedar malgave new house,Businesses,Housing society,Housing society,416807,Maharashtra Circle,Goa-Panaji Region,SINDHUDURG DIVISION,Tirlot S.O,N/A,N/A,5.0,2.0,"F9PR+PXJ, Devgad, Padel, Maharashtra 416807",416807,16.4868299,73.392376,ChIJ4Xy1GQCD6jsRtT2Zh6hnMTc,https://www.google.com/maps/place/?q=place_id:ChIJ4Xy1GQCD6jsRtT2Zh6hnMTc,part_136,2026-09-22 06:02:03,15913
Samata Nagar,Businesses,Housing development,Housing development,416807,Maharashtra Circle,Goa-Panaji Region,SINDHUDURG DIVISION,Tirlot S.O,N/A,N/A,5.0,7.0,"GC28+RQH, Samata Nagar, Soundale, Maharashtra 416807",Samata Nagar,16.502067699999998,73.4169953,ChIJX5ZSI2CD6jsRX_2vrv0ov4k,https://www.google.com/maps/place/?q=place_id:ChIJX5ZSI2CD6jsRX_2vrv0ov4k,part_136,2026-09-22 06:02:03,15914
Tirlot baudhwadi,Businesses,Housing complex,Housing complex,416807,Maharashtra Circle,Goa-Panaji Region,SINDHUDURG DIVISION,Tirlot S.O,N/A,N/A,5.0,2.0,"F9XJ+276, baudhwadi, Tirlot, Maharashtra 416807",baudhwadi,16.4964795,73.3798296,ChIJrWVJP6CD6jsRhkehyigAnlI,https://www.google.com/maps/place/?q=place_id:ChIJrWVJP6CD6jsRhkehyigAnlI,part_136,2026-09-22 06:02:03,15915
Vaishampayan niwas,Businesses,Housing complex,Housing complex,416807,Maharashtra Circle,Goa-Panaji Region,SINDHUDURG DIVISION,Tirlot S.O,N/A,N/A,5.0,1.0,"GC56+HC, केरपोई, Wadaker Poi, Maharashtra 416807",केरपोई,16.5088777,73.4110252,ChIJEVuNAwCD6jsRqlMbQ9COY9Q,https://www.google.com/maps/place/?q=place_id:ChIJEVuNAwCD6jsRqlMbQ9COY9Q,part_136,2026-09-22 06:02:03,15916
Salman borkar(S.B. CHOWK),Businesses,Housing complex,Housing complex,416807,Maharashtra Circle,Goa-Panaji Region,SINDHUDURG DIVISION,Tirlot S.O,N/A,N/A,5.0,1.0,"G97W+4C4, Katali, Maharashtra 416709",416807,16.5133106,73.3957586,ChIJg_yPHgCD6jsRwWnLuewoTTI,https://www.google.com/maps/place/?q=place_id:ChIJg_yPHgCD6jsRwWnLuewoTTI,part_136,2026-09-22 06:02:03,15917
SURAJ LEMBARKAR,Businesses,Housing complex,Housing complex,416807,Maharashtra Circle,Goa-Panaji Region,SINDHUDURG DIVISION,Tirlot S.O,N/A,N/A,5.0,1.0,"GC72+M78, Sagave, Maharashtra 416709",416807,16.5141723,73.4006887,ChIJKxM5SQCD6jsRAERbvHTero0,https://www.google.com/maps/place/?q=place_id:ChIJKxM5SQCD6jsRAERbvHTero0,part_136,2026-09-22 06:02:03,15918
Dandekar Villa,Businesses,Apartment building,Apartment building,416807,Maharashtra Circle,Goa-Panaji Region,SINDHUDURG DIVISION,Tirlot S.O,N/A,N/A,5.0,1.0,"F9XV+642, Tirlot, Maharashtra 416807",416807,16.4980157,73.39276,ChIJx0m-GliD6jsRem9moI8oEWM,https://www.google.com/maps/place/?q=place_id:ChIJx0m-GliD6jsRem9moI8oEWM,part_136,2026-09-22 06:02:03,15919
Savitri Sadan - Manchekar Family House,Businesses,Housing society,Housing society,416807,Maharashtra Circle,Goa-Panaji Region,SINDHUDURG DIVISION,Tirlot S.O,N/A,N/A,5.0,1.0,"GC53+J5W, Amberi, Tirlot, Maharashtra 416807",Amberi,16.5091248,73.40296409999999,ChIJUxjrmO6D6jsRI3cz-uD33f4,https://www.google.com/maps/place/?q=place_id:ChIJUxjrmO6D6jsRI3cz-uD33f4,part_136,2026-09-22 06:02:03,15920
Aamina Manzil,Businesses,Housing society,Housing society,416807,Maharashtra Circle,Goa-Panaji Region,SINDHUDURG DIVISION,Tirlot S.O,N/A,N/A,5.0,6.0,"G9FV+W4X, Katradevi, Maharashtra 416709",416807,16.524858899999998,73.3928829,ChIJjekYBACB6jsRptDipm4YoEc,https://www.google.com/maps/place/?q=place_id:ChIJjekYBACB6jsRptDipm4YoEc,part_136,2026-09-22 06:02:03,15921
Katali Jetty,Businesses,Port,Port,416807,Maharashtra Circle,Goa-Panaji Region,SINDHUDURG DIVISION,Tirlot S.O,N/A,N/A,4.3,17.0,"G96W+MJW, Rajapur Road, Sagave, Maharashtra 416807",416807,16.511741,73.3965898,ChIJWwIWxt2D6jsR_VZY6FAA5P0,https://www.google.com/maps/place/?q=place_id:ChIJWwIWxt2D6jsR_VZY6FAA5P0,part_136,2026-09-22 06:02:03,15922
Sagvekar House,Businesses,Housing development,Housing development,416807,Maharashtra Circle,Goa-Panaji Region,SINDHUDURG DIVISION,Tirlot S.O,N/A,N/A,5.0,1.0,"G9FM+2GG, Adarsh Nagar, Sagave, Maharashtra 416709",Adarsh Nagar,16.5226131,73.384832,ChIJoffAySOB6jsRyhvTXDxrMlc,https://www.google.com/maps/place/?q=place_id:ChIJoffAySOB6jsRyhvTXDxrMlc,part_136,2026-09-22 06:02:03,15923
Ghodepoi Bus Stop,Businesses,Bus company,Bus company,416807,Maharashtra Circle,Goa-Panaji Region,SINDHUDURG DIVISION,Tirlot S.O,N/A,N/A,4.4,12.0,"GC72+HJ9, MH SH4, Sagave, Maharashtra 416709",416807,16.5139043,73.4016152,ChIJkVdMtNaD6jsRWTzU_CVwVbE,https://www.google.com/maps/place/?q=place_id:ChIJkVdMtNaD6jsRWTzU_CVwVbE,part_136,2026-09-22 06:02:03,15924
Kazi Agro Farm & Nursery,Businesses,Agricultural production,"Agricultural production, Plant nursery, Produce market, Spices Wholesaler",416807,Maharashtra Circle,Goa-Panaji Region,SINDHUDURG DIVISION,Tirlot S.O,+91 82756 10156,N/A,5.0,1.0,"House no 1820, at post, near Darul arqam masjid, Adarsh Nagar, Sagave, Rajapur, Maharashtra 416709",Adarsh Nagar,16.5194558,73.3776279,ChIJ7WV0mciB6jsR3Omiqw2Toz8,https://www.google.com/maps/place/?q=place_id:ChIJ7WV0mciB6jsR3Omiqw2Toz8,part_136,2026-09-22 06:02:04,15925
Dhupkar's wada,Businesses,Housing complex,Housing complex,416807,Maharashtra Circle,Goa-Panaji Region,SINDHUDURG DIVISION,Tirlot S.O,N/A,N/A,5.0,1.0,"GC2C+744, Soundale, Maharashtra 416807",416807,16.5006299,73.4203127,ChIJW3ohAACD6jsRhVkOiPKL5fo,https://www.google.com/maps/place/?q=place_id:ChIJW3ohAACD6jsRhVkOiPKL5fo,part_136,2026-09-22 06:02:04,15926
Jui nursery,Businesses,Wholesale plant nursery,Wholesale plant nursery,416807,Maharashtra Circle,Goa-Panaji Region,SINDHUDURG DIVISION,Tirlot S.O,N/A,N/A,5.0,1.0,"Soundale, Maharashtra 416807",416807,16.5014392,73.4186814,ChIJJQ3xRruD6jsR7wk387jGH20,https://www.google.com/maps/place/?q=place_id:ChIJJQ3xRruD6jsR7wk387jGH20,part_136,2026-09-22 06:02:04,15927
Sagave Jetty,Businesses,Port,Port,416807,Maharashtra Circle,Goa-Panaji Region,SINDHUDURG DIVISION,Tirlot S.O,N/A,N/A,4.6,64.0,"G98G+X5H, Jambhari, Maharashtra 416709",416807,16.5174379,73.3754888,ChIJ2ZNqllWB6jsRQrX4HZuRlCg,https://www.google.com/maps/place/?q=place_id:ChIJ2ZNqllWB6jsRQrX4HZuRlCg,part_136,2026-09-22 06:02:04,15928
swapnil kudalkar house,Businesses,Housing complex,Housing complex,416810,Maharashtra Circle,Goa-Panaji Region,SINDHUDURG DIVISION,"Vaibhavwadi S.O, Achirne B.O, Arule B.O",N/A,N/A,5.0,1.0,"GQ92+P28, Sonali, Maharashtra 416810",416810,16.5192868,73.75008249999999,ChIJ8R7mXwA3wDsRXfzeL3soMSM,https://www.google.com/maps/place/?q=place_id:ChIJ8R7mXwA3wDsRXfzeL3soMSM,part_136,2026-09-22 06:02:37,18923
Vaibhavwadi,Businesses,Apartment building,Apartment building,416810,Maharashtra Circle,Goa-Panaji Region,SINDHUDURG DIVISION,"Vaibhavwadi S.O, Achirne B.O, Arule B.O",N/A,N/A,3.5,2.0,"GP2X+XXQ, Yedgaon, Maharashtra 416810",416810,16.502322,73.7500511,ChIJiVbKJgA3wDsRFYAzmoRxnCc,https://www.google.com/maps/place/?q=place_id:ChIJiVbKJgA3wDsRFYAzmoRxnCc,part_136,2026-09-22 06:02:37,18924
Kudtarkar,Businesses,Housing complex,Housing complex,416810,Maharashtra Circle,Goa-Panaji Region,SINDHUDURG DIVISION,"Vaibhavwadi S.O, Achirne B.O, Arule B.O",N/A,N/A,3.0,1.0,"GP8P+VJ, Sonali, Maharashtra 416810",416810,16.517176,73.736571,ChIJKyPxnRwxwDsRu1imdrrysFM,https://www.google.com/maps/place/?q=place_id:ChIJKyPxnRwxwDsRu1imdrrysFM,part_136,2026-09-22 06:02:37,18925
Anna chavan,Businesses,Housing complex,Housing complex,416810,Maharashtra Circle,Goa-Panaji Region,SINDHUDURG DIVISION,"Vaibhavwadi S.O, Achirne B.O, Arule B.O",N/A,N/A,5.0,2.0,"GQJF+7P9, Vaibhavwadi, Kumbhavade, Maharashtra 416810",416810,16.5306501,73.774365,ChIJa5ZUTgA3wDsR1i_mAB2HWvo,https://www.google.com/maps/place/?q=place_id:ChIJa5ZUTgA3wDsR1i_mAB2HWvo,part_136,2026-09-22 06:02:37,18926
Rajveer Amkar,Businesses,Housing society,Housing society,416810,Maharashtra Circle,Goa-Panaji Region,SINDHUDURG DIVISION,"Vaibhavwadi S.O, Achirne B.O, Arule B.O",N/A,N/A,5.0,1.0,"GQH9+WRP, Kumbhavade, Maharashtra 416810",416810,16.5298314,73.769578,ChIJ0aP9IwA3wDsRWChVSNmx7kI,https://www.google.com/maps/place/?q=place_id:ChIJ0aP9IwA3wDsRWChVSNmx7kI,part_136,2026-09-22 06:02:37,18927
विजय बाळकृष्ण सावंत यांचे घर,Businesses,Housing complex,Housing complex,416810,Maharashtra Circle,Goa-Panaji Region,SINDHUDURG DIVISION,"Vaibhavwadi S.O, Achirne B.O, Arule B.O",N/A,N/A,5.0,1.0,"GQHH+QV7, Vaibhavwadi, Kumbhavade, Maharashtra 416810",416810,16.529405399999998,73.7796863,ChIJq1STDwA3wDsR6f0nO6MTwsM,https://www.google.com/maps/place/?q=place_id:ChIJq1STDwA3wDsR6f0nO6MTwsM,part_136,2026-09-22 06:02:37,18928
Mayadevi apartment,Businesses,Apartment building,Apartment building,416810,Maharashtra Circle,Goa-Panaji Region,SINDHUDURG DIVISION,"Vaibhavwadi S.O, Achirne B.O, Arule B.O",N/A,N/A,4.0,1.0,"GP2W+J6M, MH SH 181, Vaibhavwadi, Maharashtra 416810",416810,16.5015712,73.7455543,ChIJAetblk4xwDsRfqntDBQWXZc,https://www.google.com/maps/place/?q=place_id:ChIJAetblk4xwDsRfqntDBQWXZc,part_136,2026-09-22 06:02:37,18929
Ramchandra Raorane,Businesses,Housing complex,Housing complex,416810,Maharashtra Circle,Goa-Panaji Region,SINDHUDURG DIVISION,"Vaibhavwadi S.O, Achirne B.O, Arule B.O",N/A,N/A,5.0,1.0,"FQR8+6H, Sangulwadi, Maharashtra 416810",416810,16.4905625,73.7664375,ChIJL270YQA3wDsRZCozCW0el7w,https://www.google.com/maps/place/?q=place_id:ChIJL270YQA3wDsRZCozCW0el7w,part_136,2026-09-22 06:02:37,18930
Purushottam Arjun Rao Rane,Businesses,Apartment building,Apartment building,416810,Maharashtra Circle,Goa-Panaji Region,SINDHUDURG DIVISION,"Vaibhavwadi S.O, Achirne B.O, Arule B.O",N/A,N/A,5.0,1.0,"GP2X+HHG, Yedgaon, Maharashtra 416810",416810,16.5014498,73.7489653,ChIJhcb6O7E3wDsRwmaCadDOwDw,https://www.google.com/maps/place/?q=place_id:ChIJhcb6O7E3wDsRwmaCadDOwDw,part_136,2026-09-22 06:02:37,18931
Vijaysinh Shivaji Raorane,Businesses,Apartment building,Apartment building,416810,Maharashtra Circle,Goa-Panaji Region,SINDHUDURG DIVISION,"Vaibhavwadi S.O, Achirne B.O, Arule B.O",N/A,N/A,,,"GP2X+H5, Yedgaon, Maharashtra 416810",416810,16.50122,73.74866949999999,ChIJL_AjfQA3wDsRyk_92AN1cCQ,https://www.google.com/maps/place/?q=place_id:ChIJL_AjfQA3wDsRyk_92AN1cCQ,part_136,2026-09-22 06:02:37,18932
Yash rathod,Businesses,Apartment building,Apartment building,416810,Maharashtra Circle,Goa-Panaji Region,SINDHUDURG DIVISION,"Vaibhavwadi S.O, Achirne B.O, Arule B.O",N/A,N/A,,,"GP2W+J6M, MH SH 181, Vaibhavwadi, Maharashtra 416810",416810,16.5015999,73.7455452,ChIJUckArVIxwDsR0vmqhSbhCK8,https://www.google.com/maps/place/?q=place_id:ChIJUckArVIxwDsR0vmqhSbhCK8,part_136,2026-09-22 06:02:37,18933
Sawant Home,Businesses,Housing complex,Housing complex,416810,Maharashtra Circle,Goa-Panaji Region,SINDHUDURG DIVISION,"Vaibhavwadi S.O, Achirne B.O, Arule B.O",N/A,N/A,5.0,2.0,"GQHG+XXJ, Kumbhavade, Maharashtra 416810",416810,16.529974,73.7774051,ChIJb_Y0roQ3wDsRNgK8j0Ptaow,https://www.google.com/maps/place/?q=place_id:ChIJb_Y0roQ3wDsRNgK8j0Ptaow,part_136,2026-09-22 06:02:37,18934
"Faujdarwadi, Yedgaon",Businesses,Housing complex,Housing complex,416810,Maharashtra Circle,Goa-Panaji Region,SINDHUDURG DIVISION,"Vaibhavwadi S.O, Achirne B.O, Arule B.O",N/A,N/A,4.9,23.0,"GP3X+GMP, 5, Yedgaon, Maharashtra 416810",416810,16.503687199999998,73.74692449999999,ChIJ2Up9IicxwDsRrUGRaLZteQI,https://www.google.com/maps/place/?q=place_id:ChIJ2Up9IicxwDsRrUGRaLZteQI,part_136,2026-09-22 06:02:37,18935
Chetan Bodekar,Businesses,Housing complex,Housing complex,416810,Maharashtra Circle,Goa-Panaji Region,SINDHUDURG DIVISION,"Vaibhavwadi S.O, Achirne B.O, Arule B.O",N/A,N/A,,,"GP2V+RWV, Vaibhavwadi, Maharashtra 416810",416810,16.5021082,73.7447968,ChIJlSz0LwAxwDsRXcyIhtJR0eU,https://www.google.com/maps/place/?q=place_id:ChIJlSz0LwAxwDsRXcyIhtJR0eU,part_136,2026-09-22 06:02:37,18936
RBL CONSTRUCTION,Businesses,Real Estate Builders & Construction Company,"Real Estate Builders & Construction Company, General contractor",416810,Maharashtra Circle,Goa-Panaji Region,SINDHUDURG DIVISION,"Vaibhavwadi S.O, Achirne B.O, Arule B.O",+91 88985 93237,N/A,4.5,17.0,"Post Mosam, At, Gaganbawada Road, Kharepatan, Rajapur, Maharashtra 416703",416810,16.575558,73.63810749999999,ChIJZYgLvgQnwDsRIRpJcVLdt9Y,https://www.google.com/maps/place/?q=place_id:ChIJZYgLvgQnwDsRIRpJcVLdt9Y,part_136,2026-09-22 06:02:38,18937
दिवाळचीवाडी रोड,Businesses,Road Contractor,Road Contractor,416810,Maharashtra Circle,Goa-Panaji Region,SINDHUDURG DIVISION,"Vaibhavwadi S.O, Achirne B.O, Arule B.O",N/A,N/A,4.0,2.0,"PP4M+QXH, Diwalwadi Rd, Pethwadi, Maharashtra 416704",416810,16.7069439,73.734985,ChIJY8U2j5bNwTsRBA3pGxHH8u8,https://www.google.com/maps/place/?q=place_id:ChIJY8U2j5bNwTsRBA3pGxHH8u8,part_136,2026-09-22 06:02:38,18938
Parth RBR,Businesses,Restaurant,"Restaurant, Bar, Bed & breakfast, Family restaurant, Hotel, Lodge",416810,Maharashtra Circle,Goa-Panaji Region,SINDHUDURG DIVISION,"Vaibhavwadi S.O, Achirne B.O, Arule B.O",+91 98922 37627,N/A,4.9,47.0,"Mumbai - Goa Highway NH 66, Titha Flyover, next to Kasarde, Jambhulgaon, Kasarde, Jambhulgaon, Maharashtra 416810",Jambhulgaon,16.4317873,73.67140309999999,ChIJq0Yj2x47wDsRp8bcD0u8rVQ,https://www.google.com/maps/place/?q=place_id:ChIJq0Yj2x47wDsRp8bcD0u8rVQ,part_136,2026-09-22 06:02:38,18939
Natu Enterprises,Businesses,Dental supply store,Dental supply store,416810,Maharashtra Circle,Goa-Panaji Region,SINDHUDURG DIVISION,"Vaibhavwadi S.O, Achirne B.O, Arule B.O",+91 94226 32425,N/A,,,"9Q9J+VC3, Haveli Nagar, Phondaghat, Maharashtra 416601","Haveli Nagar, Phondaghat",16.3696493,73.7810525,ChIJSaI8FBI5wDsRmPkrymDCw3Q,https://www.google.com/maps/place/?q=place_id:ChIJSaI8FBI5wDsRmPkrymDCw3Q,part_136,2026-09-22 06:02:38,18940
Mulaye Nivasasthaan,Businesses,Apartment building,Apartment building,416810,Maharashtra Circle,Goa-Panaji Region,SINDHUDURG DIVISION,"Vaibhavwadi S.O, Achirne B.O, Arule B.O",N/A,N/A,5.0,1.0,"GQJ9+3RC, Kumbhavade, Maharashtra 416810",416810,16.5302222,73.7691687,ChIJwyFM7T43wDsRT0mr7hOqJLM,https://www.google.com/maps/place/?q=place_id:ChIJwyFM7T43wDsRT0mr7hOqJLM,part_136,2026-09-22 06:02:38,18941
"""ब्रम्हकुंभ"" Bramhakumbh Pratik Chavan Villa",Businesses,Villa,Villa,416810,Maharashtra Circle,Goa-Panaji Region,SINDHUDURG DIVISION,"Vaibhavwadi S.O, Achirne B.O, Arule B.O",+91 97733 38885,N/A,5.0,3.0,"GQHG+X82, Vaibhavwadi, Kumbhavade, Maharashtra 416810",416810,16.529886899999997,73.7757725,ChIJrTqjnnE3wDsRPPhbzfepmkc,https://www.google.com/maps/place/?q=place_id:ChIJrTqjnnE3wDsRPPhbzfepmkc,part_136,2026-09-22 06:02:38,18942
Manohar Sawant Niwas,Businesses,Apartment building,Apartment building,416810,Maharashtra Circle,Goa-Panaji Region,SINDHUDURG DIVISION,"Vaibhavwadi S.O, Achirne B.O, Arule B.O",N/A,N/A,5.0,1.0,"GQJ9+3RC, Kumbhavade, Maharashtra 416810",416810,16.530204599999998,73.7695912,ChIJdzL1RgA3wDsRrZLmc3a63ms,https://www.google.com/maps/place/?q=place_id:ChIJdzL1RgA3wDsRrZLmc3a63ms,part_136,2026-09-22 06:02:38,18943
Kamlesh Sonar,Businesses,Garage,"Garage, Electronics store",416810,Maharashtra Circle,Goa-Panaji Region,SINDHUDURG DIVISION,"Vaibhavwadi S.O, Achirne B.O, Arule B.O",N/A,N/A,,,"Belhekarwadi, Narkarwadi, Maharashtra 416810",416810,16.4944494,73.74151379999999,ChIJidAYTCUxwDsR7YEa8JU8u9s,https://www.google.com/maps/place/?q=place_id:ChIJidAYTCUxwDsR7YEa8JU8u9s,part_136,2026-09-22 06:02:38,18944
Sandesh kadam,Businesses,Housing complex,Housing complex,416810,Maharashtra Circle,Goa-Panaji Region,SINDHUDURG DIVISION,"Vaibhavwadi S.O, Achirne B.O, Arule B.O",N/A,N/A,5.0,1.0,"Sonali, Maharashtra 416810",416810,16.5160041,73.7446856,ChIJJacURAAxwDsRQbD-4R2mLmg,https://www.google.com/maps/place/?q=place_id:ChIJJacURAAxwDsRQbD-4R2mLmg,part_136,2026-09-22 06:02:38,18945
Konkan Samrat Kaju Udyog,Businesses,Manufacturer,Manufacturer,416811,Maharashtra Circle,Goa-Panaji Region,SINDHUDURG DIVISION,"Phanasgaon S.O, Burambavade B.O, Mahalunge B.O",+91 94038 58804,http://konkansamrat.net.odoo.com/,,,"At post pombhurle ( boudhvadi) ; taluka: devgad ; dist:, Maharashtra 416811",416811,16.5073269,73.5520272,ChIJ196JZwspwDsRYvEh1OFiarE,https://www.google.com/maps/place/?q=place_id:ChIJ196JZwspwDsRYvEh1OFiarE,part_136,2026-09-22 06:03:10,20424
"Sarvankar House, Dhalavali, Sindhudurg",Businesses,Apartment building,Apartment building,416811,Maharashtra Circle,Goa-Panaji Region,SINDHUDURG DIVISION,"Phanasgaon S.O, Burambavade B.O, Mahalunge B.O",N/A,N/A,5.0,,"Mutat - Palekarvadi Rd, Pombhurle, Dhalavali, Maharashtra 416811",416811,16.524452399999998,73.5578641,ChIJ92AW-UopwDsRxiMvaxf2fT0,https://www.google.com/maps/place/?q=place_id:ChIJ92AW-UopwDsRxiMvaxf2fT0,part_136,2026-09-22 06:03:10,20425
Adv. Aappasaheb Ghorpade / Konkan Farmhouse,Businesses,Legal services,Legal services,416811,Maharashtra Circle,Goa-Panaji Region,SINDHUDURG DIVISION,"Phanasgaon S.O, Burambavade B.O, Mahalunge B.O",N/A,N/A,5.0,,"GHC4+XJC, Dhalavali, Maharashtra 416811",416811,16.522710099999998,73.5562841,ChIJYWFJKQApwDsRMQJQi257nrY,https://www.google.com/maps/place/?q=place_id:ChIJYWFJKQApwDsRMQJQi257nrY,part_136,2026-09-22 06:03:10,20426
Dipak Ramchandra Kokare,Businesses,Housing complex,Housing complex,416811,Maharashtra Circle,Goa-Panaji Region,SINDHUDURG DIVISION,"Phanasgaon S.O, Burambavade B.O, Mahalunge B.O",N/A,N/A,3.0,,"FHH9+7MW, Devgad, Goval, Maharashtra 416811",416811,16.478233,73.56920389999999,ChIJtYEIldcvwDsRdMGaEB_CWhA,https://www.google.com/maps/place/?q=place_id:ChIJtYEIldcvwDsRdMGaEB_CWhA,part_136,2026-09-22 06:03:10,20427
"Manche ,dhangarvadi",Businesses,Housing complex,Housing complex,416811,Maharashtra Circle,Goa-Panaji Region,SINDHUDURG DIVISION,"Phanasgaon S.O, Burambavade B.O, Mahalunge B.O",N/A,N/A,5.0,,"FGQ9+9QF, Manche,dhangarvadi, Manche, Maharashtra 416811",416811,16.488435,73.5194339,ChIJ3z7Qbp4pwDsRFmZu-GItILc,https://www.google.com/maps/place/?q=place_id:ChIJ3z7Qbp4pwDsRFmZu-GItILc,part_136,2026-09-22 06:03:10,20428
Kedar Gurav Residency,Businesses,Housing complex,Housing complex,416811,Maharashtra Circle,Goa-Panaji Region,SINDHUDURG DIVISION,"Phanasgaon S.O, Burambavade B.O, Mahalunge B.O",N/A,N/A,5.0,,"GH37+F5, Pombhurle, Maharashtra 416811",416811,16.5036776,73.5628917,ChIJQ0gt9b0vwDsRWnuSpDXU0Ck,https://www.google.com/maps/place/?q=place_id:ChIJQ0gt9b0vwDsRWnuSpDXU0Ck,part_136,2026-09-22 06:03:10,20429
dada nivas,Businesses,Company registry,Company registry,416811,Maharashtra Circle,Goa-Panaji Region,SINDHUDURG DIVISION,"Phanasgaon S.O, Burambavade B.O, Mahalunge B.O",N/A,N/A,5.0,,"FGFX+QJR, Pendhari Road, Palekarwadi, Patgaon, Maharashtra 416811",416811,16.4744988,73.54902489999999,ChIJ4-GHQXgpwDsRwfWRpGBz0QA,https://www.google.com/maps/place/?q=place_id:ChIJ4-GHQXgpwDsRwfWRpGBz0QA,part_136,2026-09-22 06:03:10,20430
Samjiskar Home,Businesses,Housing society,Housing society,416811,Maharashtra Circle,Goa-Panaji Region,SINDHUDURG DIVISION,"Phanasgaon S.O, Burambavade B.O, Mahalunge B.O",N/A,N/A,5.0,,"GH63+FF, Pombhurle, Maharashtra 416811",416811,16.511177,73.553668,ChIJ87ihxtgpwDsRmE-1Mer6iLo,https://www.google.com/maps/place/?q=place_id:ChIJ87ihxtgpwDsRmE-1Mer6iLo,part_136,2026-09-22 06:03:10,20431
Salman Enterprises,Businesses,Taxi service,Taxi service,416811,Maharashtra Circle,Goa-Panaji Region,SINDHUDURG DIVISION,"Phanasgaon S.O, Burambavade B.O, Mahalunge B.O",+91 73505 78634,N/A,5.0,,"Shop No 1, Varchi Muslim Wadi, near Ideal English School, Varavade, Maharashtra 416811",Muslim Wadi,16.5164617,73.5319186,ChIJpTRruagpwDsRfWqP668s7wY,https://www.google.com/maps/place/?q=place_id:ChIJpTRruagpwDsRfWqP668s7wY,part_136,2026-09-22 06:03:10,20432
Prabhakr Bane,Businesses,Housing development,Housing development,416811,Maharashtra Circle,Goa-Panaji Region,SINDHUDURG DIVISION,"Phanasgaon S.O, Burambavade B.O, Mahalunge B.O",N/A,N/A,,,"GH24+3H4, Mu - Malape Po, Tal, Devgad, Pombhurle, Devgad, Maharashtra 416811",Devgad,16.5001476,73.5564681,ChIJ9xn2QQApwDsRCIX_JV8pzRE,https://www.google.com/maps/place/?q=place_id:ChIJ9xn2QQApwDsRCIX_JV8pzRE,part_136,2026-09-22 06:03:10,20433
SM HOME,Businesses,Housing complex,Housing complex,416811,Maharashtra Circle,Goa-Panaji Region,SINDHUDURG DIVISION,"Phanasgaon S.O, Burambavade B.O, Mahalunge B.O",N/A,N/A,1.0,,"FHC4+WH9, Goval, Maharashtra 416811",416811,16.4729463,73.5564531,ChIJXZPthdYpwDsR4-rMGR-2yR8,https://www.google.com/maps/place/?q=place_id:ChIJXZPthdYpwDsR4-rMGR-2yR8,part_136,2026-09-22 06:03:10,20434
PRAVIN PRABHAKAR MALKAR HOME,Businesses,Housing complex,Housing complex,416811,Maharashtra Circle,Goa-Panaji Region,SINDHUDURG DIVISION,"Phanasgaon S.O, Burambavade B.O, Mahalunge B.O",N/A,N/A,3.0,,"FHC6+H74, Goval, Maharashtra 416811",416811,16.4713761,73.5606914,ChIJ6Wke0jsvwDsR6OypK-t8WoE,https://www.google.com/maps/place/?q=place_id:ChIJ6Wke0jsvwDsR6OypK-t8WoE,part_136,2026-09-22 06:03:10,20435
Bandbe Complex,Businesses,Housing complex,Housing complex,416811,Maharashtra Circle,Goa-Panaji Region,SINDHUDURG DIVISION,"Phanasgaon S.O, Burambavade B.O, Mahalunge B.O",N/A,N/A,4.0,,"GG9V+H6P, Talekhajan Road, Prindavan, Maharashtra 416702",416811,16.518957699999998,73.5430853,ChIJ-TC-OhMpwDsRR9XbWRFxZlQ,https://www.google.com/maps/place/?q=place_id:ChIJ-TC-OhMpwDsRR9XbWRFxZlQ,part_136,2026-09-22 06:03:10,20436
Bhatkar’s House,Businesses,Housing complex,Housing complex,416811,Maharashtra Circle,Goa-Panaji Region,SINDHUDURG DIVISION,"Phanasgaon S.O, Burambavade B.O, Mahalunge B.O",N/A,N/A,5.0,,"FGFV+V8V, Patgaon, Maharashtra 416811",416811,16.475362999999998,73.54363699999999,ChIJF7gDJgApwDsRsr3PNFjeMxs,https://www.google.com/maps/place/?q=place_id:ChIJF7gDJgApwDsRsr3PNFjeMxs,part_136,2026-09-22 06:03:10,20437
"Shree guru krupa, Anant T Gurav, Patgaon, Devgad",Businesses,Housing complex,Housing complex,416811,Maharashtra Circle,Goa-Panaji Region,SINDHUDURG DIVISION,"Phanasgaon S.O, Burambavade B.O, Mahalunge B.O",N/A,N/A,,,"FGGV+HF8, Patgaon, Maharashtra 416811",416811,16.4764853,73.54514259999999,ChIJZ_50gKspwDsRgoAEWBK3we8,https://www.google.com/maps/place/?q=place_id:ChIJZ_50gKspwDsRgoAEWBK3we8,part_136,2026-09-22 06:03:10,20438
Shubham Ghadi शुभम घाडी,Businesses,Housing society,Housing society,416811,Maharashtra Circle,Goa-Panaji Region,SINDHUDURG DIVISION,"Phanasgaon S.O, Burambavade B.O, Mahalunge B.O",N/A,N/A,5.0,,"GH43+RPR, Kharepatan, Pombhurle, Maharashtra 416811",416811,16.5071172,73.5542545,ChIJL-BdJgApwDsREtMn2iAqJDw,https://www.google.com/maps/place/?q=place_id:ChIJL-BdJgApwDsREtMn2iAqJDw,part_136,2026-09-22 06:03:10,20439
शिला बाबू सदन,Businesses,Housing society,Housing society,416811,Maharashtra Circle,Goa-Panaji Region,SINDHUDURG DIVISION,"Phanasgaon S.O, Burambavade B.O, Mahalunge B.O",N/A,N/A,,,"GH24+3H4, Pombhurle, Maharashtra 416811",416811,16.5001476,73.5564681,ChIJTzGlSwApwDsRi6rJhvQDXxk,https://www.google.com/maps/place/?q=place_id:ChIJTzGlSwApwDsRi6rJhvQDXxk,part_136,2026-09-22 06:03:10,20440
Vadachi wadi pombhurle,Businesses,Housing complex,Housing complex,416811,Maharashtra Circle,Goa-Panaji Region,SINDHUDURG DIVISION,"Phanasgaon S.O, Burambavade B.O, Mahalunge B.O",N/A,N/A,4.0,,"GH44+2CV, Pombhurle, Maharashtra 416811",416811,16.5051178,73.5560613,ChIJV1flLhYpwDsRi-1YaDgYRvQ,https://www.google.com/maps/place/?q=place_id:ChIJV1flLhYpwDsRi-1YaDgYRvQ,part_136,2026-09-22 06:03:10,20441
Masurkar brother's,Businesses,Housing complex,Housing complex,416811,Maharashtra Circle,Goa-Panaji Region,SINDHUDURG DIVISION,"Phanasgaon S.O, Burambavade B.O, Mahalunge B.O",N/A,N/A,5.0,,"GG7P+M5H, Malpewadi, Maharashtra 416811",416811,16.514196,73.534999,ChIJtQWeXwApwDsRwgcvt8bHbWQ,https://www.google.com/maps/place/?q=place_id:ChIJtQWeXwApwDsRwgcvt8bHbWQ,part_136,2026-09-22 06:03:10,20442
Gurav Networks - Best service center in Sindhudurg,Businesses,Wholesaler,Wholesaler,416811,Maharashtra Circle,Goa-Panaji Region,SINDHUDURG DIVISION,"Phanasgaon S.O, Burambavade B.O, Mahalunge B.O",+91 95523 88937,N/A,4.8,16.0,"Mumbai - Goa Hwy, Kharepatan, Maharashtra 416703",416811,16.5567152,73.6260739,ChIJfRLv3YotwDsRmQRc_O01DLw,https://www.google.com/maps/place/?q=place_id:ChIJfRLv3YotwDsRmQRc_O01DLw,part_136,2026-09-22 06:03:10,20443
Atul Sudhir Palekar,Businesses,Fruit wholesaler,Fruit wholesaler,416811,Maharashtra Circle,Goa-Panaji Region,SINDHUDURG DIVISION,"Phanasgaon S.O, Burambavade B.O, Mahalunge B.O",N/A,https://www.youtube.com/@atulpalekar,4.7,12.0,"goan, Palekarwadi, Mutat, Maharashtra 416803",goan,16.5095576,73.48933389999999,ChIJszN_UvEpwDsRV7ptLmaXl-s,https://www.google.com/maps/place/?q=place_id:ChIJszN_UvEpwDsRV7ptLmaXl-s,part_136,2026-09-22 06:03:10,20444
Aashvik Creation,Businesses,Clothing store,"Clothing store, Industrial real estate agency",416811,Maharashtra Circle,Goa-Panaji Region,SINDHUDURG DIVISION,"Phanasgaon S.O, Burambavade B.O, Mahalunge B.O",+91 97183 27224,N/A,5.0,1.0,"House no.43/557, At Post Talebajar, di, Devgad Near masran wadi, opp. Amdar Fatak Bunglow, Lingdal tithe, Maharashtra 416611",416811,16.393812699999998,73.4931472,ChIJATzueaMnwDsRISOpM1Fs5vA,https://www.google.com/maps/place/?q=place_id:ChIJATzueaMnwDsRISOpM1Fs5vA,part_136,2026-09-22 06:03:10,20445
More niwas,Businesses,Housing complex,Housing complex,416811,Maharashtra Circle,Goa-Panaji Region,SINDHUDURG DIVISION,"Phanasgaon S.O, Burambavade B.O, Mahalunge B.O",N/A,N/A,5.0,1.0,"GJ84+5X, Kunkawan, Maharashtra 416811",416811,16.5162637,73.6092896,ChIJs8NWNwAvwDsRCVig3l0h9d8,https://www.google.com/maps/place/?q=place_id:ChIJs8NWNwAvwDsRCVig3l0h9d8,part_136,2026-09-22 06:03:10,20446
Jalaram Niwas,Businesses,Housing society,Housing society,416811,Maharashtra Circle,Goa-Panaji Region,SINDHUDURG DIVISION,"Phanasgaon S.O, Burambavade B.O, Mahalunge B.O",N/A,N/A,5.0,1.0,"Rameshwar Nagar, Kharepatan, Maharashtra 416703",Rameshwar Nagar,16.5509764,73.62976619999999,ChIJLWSstJktwDsROC4diKjpkmM,https://www.google.com/maps/place/?q=place_id:ChIJLWSstJktwDsROC4diKjpkmM,part_136,2026-09-22 06:03:10,20447
Talavade Varchi Dhuriwadi Tal Devgad Dist Sindhudurg,Businesses,Housing society,Housing society,416811,Maharashtra Circle,Goa-Panaji Region,SINDHUDURG DIVISION,"Phanasgaon S.O, Burambavade B.O, Mahalunge B.O",N/A,N/A,4.5,4.0,"CF7W+J6C, Varchi Dhuriwadi At post Talavade Tal Devgad Dist, Talavade, Maharashtra 416623",416811,16.4140686,73.49550339999999,ChIJ0_be6OknwDsRyqShQWzgO7Y,https://www.google.com/maps/place/?q=place_id:ChIJ0_be6OknwDsRyqShQWzgO7Y,part_136,2026-09-22 06:03:10,20448
Shree Baug,Businesses,Farm,Farm,416811,Maharashtra Circle,Goa-Panaji Region,SINDHUDURG DIVISION,"Phanasgaon S.O, Burambavade B.O, Mahalunge B.O",N/A,N/A,5.0,4.0,"FJWX+MCF, Wargaon, Maharashtra 416801",416811,16.4966969,73.6485541,ChIJrx0AkAcvwDsRt8E39Dbf_hg,https://www.google.com/maps/place/?q=place_id:ChIJrx0AkAcvwDsRt8E39Dbf_hg,part_136,2026-09-22 06:03:10,20449
Manorath Siddhi,Businesses,Housing complex,Housing complex,416811,Maharashtra Circle,Goa-Panaji Region,SINDHUDURG DIVISION,"Phanasgaon S.O, Burambavade B.O, Mahalunge B.O",N/A,N/A,5.0,2.0,"CMH3+JQJ, Ozaram, Maharashtra 416801",416811,16.429388,73.653206,ChIJkVBbJAAlwDsR94RK-8WG5GQ,https://www.google.com/maps/place/?q=place_id:ChIJkVBbJAAlwDsR94RK-8WG5GQ,part_136,2026-09-22 06:03:10,20450
श्यामसुंदर बाबी दुधवडकर,Businesses,Housing complex,Housing complex,416811,Maharashtra Circle,Goa-Panaji Region,SINDHUDURG DIVISION,"Phanasgaon S.O, Burambavade B.O, Mahalunge B.O",N/A,N/A,5.0,4.0,"FJCF+GR9, Burabavade, Maharashtra 416811",416811,16.471293199999998,73.6246211,ChIJFxxceAAvwDsR2Tz9ptKDxV0,https://www.google.com/maps/place/?q=place_id:ChIJFxxceAAvwDsR2Tz9ptKDxV0,part_136,2026-09-22 06:03:10,20451
Pendurkar’s Villa,Businesses,Apartment building,Apartment building,416811,Maharashtra Circle,Goa-Panaji Region,SINDHUDURG DIVISION,"Phanasgaon S.O, Burambavade B.O, Mahalunge B.O",N/A,N/A,5.0,2.0,"GJ58+W9, Kunkawan, Maharashtra 416811",416811,16.5098415,73.6159509,ChIJjZyoyNIvwDsRfV1R9ZenuXE,https://www.google.com/maps/place/?q=place_id:ChIJjZyoyNIvwDsRfV1R9ZenuXE,part_136,2026-09-22 06:03:10,20452
Karanje Farm House - Devgad Pendhari,Businesses,Housing complex,Housing complex,416811,Maharashtra Circle,Goa-Panaji Region,SINDHUDURG DIVISION,"Phanasgaon S.O, Burambavade B.O, Mahalunge B.O",N/A,N/A,5.0,2.0,"CGX6+3RX, Devgad, Pendhari, Maharashtra 416811",416811,16.4477269,73.5120996,ChIJv3xfWgApwDsRcMs-zX7Mdho,https://www.google.com/maps/place/?q=place_id:ChIJv3xfWgApwDsRcMs-zX7Mdho,part_136,2026-09-22 06:03:10,20453
Malpe Agro Tourism,Businesses,Villa,Villa,416811,Maharashtra Circle,Goa-Panaji Region,SINDHUDURG DIVISION,"Phanasgaon S.O, Burambavade B.O, Mahalunge B.O",N/A,N/A,4.9,18.0,"GG4H+7JX Mauli Agro Farm, Malpewadi, Baria, Maharashtra 416811",416811,16.505731,73.5291203,ChIJRVy8R0IpwDsRNZXRQXlwhXc,https://www.google.com/maps/place/?q=place_id:ChIJRVy8R0IpwDsRNZXRQXlwhXc,part_136,2026-09-22 06:03:10,20454
harshad phatak,Businesses,Housing complex,Housing complex,416811,Maharashtra Circle,Goa-Panaji Region,SINDHUDURG DIVISION,"Phanasgaon S.O, Burambavade B.O, Mahalunge B.O",N/A,N/A,,,"Undil, Maharashtra 416811",416811,16.4843126,73.6052607,ChIJXxp1w_8vwDsRdLLhrHG32pY,https://www.google.com/maps/place/?q=place_id:ChIJXxp1w_8vwDsRdLLhrHG32pY,part_136,2026-09-22 06:03:10,20455
Vijay Baag,Businesses,Farm,Farm,416811,Maharashtra Circle,Goa-Panaji Region,SINDHUDURG DIVISION,"Phanasgaon S.O, Burambavade B.O, Mahalunge B.O",N/A,N/A,4.8,4.0,"Vijaydurga Highway, Goval, Phanasgaon, Maharashtra 416811",416811,16.4832776,73.5610054,ChIJH4AoOH8vwDsRcx3DSGCoa9o,https://www.google.com/maps/place/?q=place_id:ChIJH4AoOH8vwDsRcx3DSGCoa9o,part_136,2026-09-22 06:03:10,20456
CHIKEN CENTRE,Businesses,Business to business service,Business to business service,416811,Maharashtra Circle,Goa-Panaji Region,SINDHUDURG DIVISION,"Phanasgaon S.O, Burambavade B.O, Mahalunge B.O",+91 94040 88203,N/A,5.0,3.0,"Chiken Centre, Pombhurle, Vitthaladevi, Maharashtra 416811",416811,16.4691056,73.58921459999999,ChIJ_V4TcckvwDsRNMDUx2W_a_M,https://www.google.com/maps/place/?q=place_id:ChIJ_V4TcckvwDsRNMDUx2W_a_M,part_136,2026-09-22 06:03:11,20457
"Sakharam Hatge , patgao",Businesses,Housing society,Housing society,416811,Maharashtra Circle,Goa-Panaji Region,SINDHUDURG DIVISION,"Phanasgaon S.O, Burambavade B.O, Mahalunge B.O",N/A,N/A,5.0,1.0,"FGGR+QWW, Patgaon, Maharashtra 416811",416811,16.476990999999998,73.542334,ChIJ7dmZWAApwDsR9ED66wSm5KM,https://www.google.com/maps/place/?q=place_id:ChIJ7dmZWAApwDsR9ED66wSm5KM,part_136,2026-09-22 06:03:11,20458
Pawar Residency,Businesses,Apartment complex,Apartment complex,416811,Maharashtra Circle,Goa-Panaji Region,SINDHUDURG DIVISION,"Phanasgaon S.O, Burambavade B.O, Mahalunge B.O",N/A,N/A,,,"GG8J+M94, At. Malpe, Post, Tal, Pombhurle, Devgad, Maharashtra 416811",416811,16.516644,73.5309406,ChIJy-AvAgApwDsRFaa6x1n_kls,https://www.google.com/maps/place/?q=place_id:ChIJy-AvAgApwDsRFaa6x1n_kls,part_136,2026-09-22 06:03:11,20459
SUCHITA ENTERPRISES,Businesses,Wholesaler,Wholesaler,416812,Maharashtra Circle,Goa-Panaji Region,SINDHUDURG DIVISION,"Sindhudurgnagari MDG S.O, Anav B.O, Dabhachiwadi B.O",+91 95459 12877,N/A,,,"shop no.02, main road, near by jr college, opp. sindhudurg bank, Pandur, Maharashtra 416812",416812,16.0686268,73.7101215,ChIJi7w1XvcPwDsRy2MOFzYLt0U,https://www.google.com/maps/place/?q=place_id:ChIJi7w1XvcPwDsRy2MOFzYLt0U,part_136,2026-09-22 06:03:44,21611
Rohit Gondhali,Businesses,Warehouse,Warehouse,416812,Maharashtra Circle,Goa-Panaji Region,SINDHUDURG DIVISION,"Sindhudurgnagari MDG S.O, Anav B.O, Dabhachiwadi B.O",N/A,N/A,,,"3PR6+M36, Kudal, Humarmala (Anav), Maharashtra 416812",416812,16.091664599999998,73.710155,ChIJAR2WnZERwDsR9VHRDxQQ9aw,https://www.google.com/maps/place/?q=place_id:ChIJAR2WnZERwDsR9VHRDxQQ9aw,part_136,2026-09-22 06:03:44,21612
Sawant's Home,Businesses,Apartment building,Apartment building,416812,Maharashtra Circle,Goa-Panaji Region,SINDHUDURG DIVISION,"Sindhudurgnagari MDG S.O, Anav B.O, Dabhachiwadi B.O",N/A,N/A,5.0,,"3PH3+HCP, Kudal, Anav, Maharashtra 416812",416812,16.078961,73.7035879,ChIJeZvixlkPwDsRpgpZJMgybv0,https://www.google.com/maps/place/?q=place_id:ChIJeZvixlkPwDsRpgpZJMgybv0,part_136,2026-09-22 06:03:44,21613
Pranav Anavkar,Businesses,Housing complex,Housing complex,416812,Maharashtra Circle,Goa-Panaji Region,SINDHUDURG DIVISION,"Sindhudurgnagari MDG S.O, Anav B.O, Dabhachiwadi B.O",N/A,N/A,5.0,,"3M9V+38H, Anav, Maharashtra 416812",416812,16.0676764,73.69335199999999,ChIJdY2mTgAPwDsRgHX3v5xvLiU,https://www.google.com/maps/place/?q=place_id:ChIJdY2mTgAPwDsRgHX3v5xvLiU,part_136,2026-09-22 06:03:44,21614
Sakharam Rane nivas,Businesses,Housing development,Housing development,416812,Maharashtra Circle,Goa-Panaji Region,SINDHUDURG DIVISION,"Sindhudurgnagari MDG S.O, Anav B.O, Dabhachiwadi B.O",N/A,N/A,5.0,,"3MJX+H83, Anav, Maharashtra 416812",416812,16.0810799,73.6981334,ChIJ-Q0ucfYPwDsRZpGsHDcLNxE,https://www.google.com/maps/place/?q=place_id:ChIJ-Q0ucfYPwDsRZpGsHDcLNxE,part_136,2026-09-22 06:03:44,21615
Shri. Dattaprasad Arun Jikamde,Businesses,Housing complex,Housing complex,416812,Maharashtra Circle,Goa-Panaji Region,SINDHUDURG DIVISION,"Sindhudurgnagari MDG S.O, Anav B.O, Dabhachiwadi B.O",N/A,N/A,5.0,,"Anav, Maharashtra 416812",416812,16.0676764,73.69335199999999,ChIJ8ZSDYwARwDsR4Lbi4MMcdbc,https://www.google.com/maps/place/?q=place_id:ChIJ8ZSDYwARwDsR4Lbi4MMcdbc,part_136,2026-09-22 06:03:44,21616
Vedant Dalvi,Businesses,Condominium complex,Condominium complex,416812,Maharashtra Circle,Goa-Panaji Region,SINDHUDURG DIVISION,"Sindhudurgnagari MDG S.O, Anav B.O, Dabhachiwadi B.O",N/A,N/A,5.0,,"3PR5+RHQ, Kudal, Humarmala (Anav), Maharashtra 416812",416812,16.0920851,73.708985,ChIJA9vOrYkRwDsRFwuCvD734SA,https://www.google.com/maps/place/?q=place_id:ChIJA9vOrYkRwDsRFwuCvD734SA,part_136,2026-09-22 06:03:44,21617
Subhash Ghadi Home,Businesses,Warehouse,Warehouse,416812,Maharashtra Circle,Goa-Panaji Region,SINDHUDURG DIVISION,"Sindhudurgnagari MDG S.O, Anav B.O, Dabhachiwadi B.O",N/A,N/A,,,"3MHX+MX6, Kudal, Anav, Maharashtra 416812",416812,16.0791576,73.69988049999999,ChIJyXtwRwAPwDsR-mxlhfGqjUQ,https://www.google.com/maps/place/?q=place_id:ChIJyXtwRwAPwDsR-mxlhfGqjUQ,part_136,2026-09-22 06:03:44,21618
Shree Samarth Krupa,Businesses,Apartment building,Apartment building,416812,Maharashtra Circle,Goa-Panaji Region,SINDHUDURG DIVISION,"Sindhudurgnagari MDG S.O, Anav B.O, Dabhachiwadi B.O",N/A,N/A,,,"Aanav ,Ghatache, 3PH3+HCP Ped Wadi, 209-A, Kudal, Anav, Maharashtra 416812",416812,16.0789997,73.7034817,ChIJDc2hEgAPwDsRln6cCrgQkkk,https://www.google.com/maps/place/?q=place_id:ChIJDc2hEgAPwDsRln6cCrgQkkk,part_136,2026-09-22 06:03:44,21619
Dalvi's Home Anav Ghatcheped Wadi,Businesses,Housing development,Housing development,416812,Maharashtra Circle,Goa-Panaji Region,SINDHUDURG DIVISION,"Sindhudurgnagari MDG S.O, Anav B.O, Dabhachiwadi B.O",N/A,N/A,5.0,,"3PH3+RCV, Kudal, Anav, Maharashtra 416812",416812,16.079615699999998,73.703532,ChIJV5YIS4gPwDsRrqQ0ZxvgNgs,https://www.google.com/maps/place/?q=place_id:ChIJV5YIS4gPwDsRrqQ0ZxvgNgs,part_136,2026-09-22 06:03:44,21620
Adesh Rathivadekar,Businesses,Housing development,Housing development,416812,Maharashtra Circle,Goa-Panaji Region,SINDHUDURG DIVISION,"Sindhudurgnagari MDG S.O, Anav B.O, Dabhachiwadi B.O",N/A,N/A,5.0,,"3MVX+94X, Unnamed Road, Anav, Maharashtra 416812",416812,16.093492899999998,73.6978582,ChIJ--2ccPsRwDsR1T4XoHu80dw,https://www.google.com/maps/place/?q=place_id:ChIJ--2ccPsRwDsR1T4XoHu80dw,part_136,2026-09-22 06:03:44,21621
मातृ पितृ छाया,Businesses,Apartment building,Apartment building,416812,Maharashtra Circle,Goa-Panaji Region,SINDHUDURG DIVISION,"Sindhudurgnagari MDG S.O, Anav B.O, Dabhachiwadi B.O",N/A,N/A,5.0,,"3MXP+2F, Talgaon, Maharashtra 416812",416812,16.0975195,73.6861389,ChIJkUbORVoRwDsRpwY-FjVAd58,https://www.google.com/maps/place/?q=place_id:ChIJkUbORVoRwDsRpwY-FjVAd58,part_136,2026-09-22 06:03:44,21622
Chavan's,Businesses,Housing complex,Housing complex,416812,Maharashtra Circle,Goa-Panaji Region,SINDHUDURG DIVISION,"Sindhudurgnagari MDG S.O, Anav B.O, Dabhachiwadi B.O",N/A,N/A,,,"3PC4+7VG, Kudal, Pandur, Maharashtra 416812",416812,16.0709256,73.7076767,ChIJL4TU-2sPwDsR2WSx2WOEuHs,https://www.google.com/maps/place/?q=place_id:ChIJL4TU-2sPwDsR2WSx2WOEuHs,part_136,2026-09-22 06:03:44,21623
Seema Sunil Madav House,Businesses,Housing complex,Housing complex,416812,Maharashtra Circle,Goa-Panaji Region,SINDHUDURG DIVISION,"Sindhudurgnagari MDG S.O, Anav B.O, Dabhachiwadi B.O",N/A,N/A,5.0,,"H.No.1312 Domlewadi, Tita, Kudal, Pandur, KUDAL, Maharashtra 416812","Tita, Kudal",16.070142999999998,73.70761499999999,ChIJebmuLwAPwDsRsajq-Xp0UQQ,https://www.google.com/maps/place/?q=place_id:ChIJebmuLwAPwDsRsajq-Xp0UQQ,part_136,2026-09-22 06:03:44,21624
Pavan Palav House,Businesses,Apartment building,Apartment building,416812,Maharashtra Circle,Goa-Panaji Region,SINDHUDURG DIVISION,"Sindhudurgnagari MDG S.O, Anav B.O, Dabhachiwadi B.O",N/A,N/A,5.0,,"3M7W+R4G, Anav, Maharashtra 416812",416812,16.0645709,73.6953295,ChIJxQcyfAAPwDsRHBwU_I8pbpw,https://www.google.com/maps/place/?q=place_id:ChIJxQcyfAAPwDsRHBwU_I8pbpw,part_136,2026-09-22 06:03:44,21625
शरद अणावकर,Businesses,Housing development,Housing development,416812,Maharashtra Circle,Goa-Panaji Region,SINDHUDURG DIVISION,"Sindhudurgnagari MDG S.O, Anav B.O, Dabhachiwadi B.O",N/A,N/A,,,"968, Kaavalewadi, Ranbambuli, Kudal, Maharashtra 416812",Kaavalewadi,16.081284,73.694576,ChIJo1EuYQAPwDsRuAzuEVKLE0U,https://www.google.com/maps/place/?q=place_id:ChIJo1EuYQAPwDsRuAzuEVKLE0U,part_136,2026-09-22 06:03:44,21626
Dabholkar Solar And Agrotech Ind Pvt Ltd,Businesses,Solar Energy Company,Solar Energy Company,416812,Maharashtra Circle,Goa-Panaji Region,SINDHUDURG DIVISION,"Sindhudurgnagari MDG S.O, Anav B.O, Dabhachiwadi B.O",+91 94043 57199,https://www.dsaisolar.com/,5.0,,"Ganeshsmit Business Park, 864/A/1, Kasal - Malvan Rd, Tal, Sukalwad, Malvan, Maharashtra 416534",Tal,16.1092896,73.6661075,ChIJt_h8vEMRwDsRZElO3zzpJ8E,https://www.google.com/maps/place/?q=place_id:ChIJt_h8vEMRwDsRZElO3zzpJ8E,part_136,2026-09-22 06:03:45,21627
"Swami Enterprises,",Businesses,Stationery store,Stationery store,416812,Maharashtra Circle,Goa-Panaji Region,SINDHUDURG DIVISION,"Sindhudurgnagari MDG S.O, Anav B.O, Dabhachiwadi B.O",+91 95613 20119,N/A,5.0,,"Otra Business Park, Sindhu Durg, Oras Bk., Maharashtra 416812",Sindhu Durg,16.117351799999998,73.70527229999999,ChIJBwfepHoRwDsREdb8mY0RmVA,https://www.google.com/maps/place/?q=place_id:ChIJBwfepHoRwDsREdb8mY0RmVA,part_136,2026-09-22 06:03:45,21628
Sangam Cement Articles,Businesses,Cement Manufacturer,Cement Manufacturer,416812,Maharashtra Circle,Goa-Panaji Region,SINDHUDURG DIVISION,"Sindhudurgnagari MDG S.O, Anav B.O, Dabhachiwadi B.O",+91 90969 32814,N/A,5.0,,"Oros jijamata chock near crushi college MKG road ta.kudal dist, Oras Bk., Maharashtra 416812",ZP Colony,16.1006593,73.7077067,ChIJ8auYiskRwDsR56HFWK1bkkk,https://www.google.com/maps/place/?q=place_id:ChIJ8auYiskRwDsR56HFWK1bkkk,part_136,2026-09-22 06:03:45,21629
Shubham mane House,Businesses,Housing complex,Housing complex,416812,Maharashtra Circle,Goa-Panaji Region,SINDHUDURG DIVISION,"Sindhudurgnagari MDG S.O, Anav B.O, Dabhachiwadi B.O",N/A,N/A,,,"3PC4+7VG, Kudal, Anav, Maharashtra 416812",Kudal,16.070734899999998,73.7070896,ChIJJff7EgAPwDsR55UwaPU-Bg8,https://www.google.com/maps/place/?q=place_id:ChIJJff7EgAPwDsR55UwaPU-Bg8,part_136,2026-09-22 06:03:45,21630
Guru kulkarni,Businesses,Housing society,Housing society,416812,Maharashtra Circle,Goa-Panaji Region,SINDHUDURG DIVISION,"Sindhudurgnagari MDG S.O, Anav B.O, Dabhachiwadi B.O",N/A,N/A,,,"3MHV+VCH, Kudal, Anav, Maharashtra 416812",416812,16.079675599999998,73.693624,ChIJzZ-caQAPwDsRMz51tYZswFQ,https://www.google.com/maps/place/?q=place_id:ChIJzZ-caQAPwDsRMz51tYZswFQ,part_136,2026-09-22 06:03:45,21631
Jio-bp pulse charging station,Businesses,Electric vehicle charging station,"Electric vehicle charging station, Electric vehicle charging station contractor, Fuel supplier, Gas Agency",416812,Maharashtra Circle,Goa-Panaji Region,SINDHUDURG DIVISION,"Sindhudurgnagari MDG S.O, Anav B.O, Dabhachiwadi B.O",+91 1800 890 9023,https://www.jiobp.com/products-and-services/EV-charging,,,"Siddhi Cinema Oros, Kudal Taluka, Oros, Oras Bk., Maharashtra 416628",Kudal Taluka,16.114919999999998,73.70818,ChIJLTGKiQoRwDsRunCCUG81YNw,https://www.google.com/maps/place/?q=place_id:ChIJLTGKiQoRwDsRunCCUG81YNw,part_136,2026-09-22 06:03:45,21632
IndianOil,Businesses,Petrol Pump,"Petrol Pump, Compressed natural gas station, Diesel fuel supplier, Fuel supplier",416812,Maharashtra Circle,Goa-Panaji Region,SINDHUDURG DIVISION,"Sindhudurgnagari MDG S.O, Anav B.O, Dabhachiwadi B.O",+91 94211 45030,https://locator.iocl.com/indianoil-sai-siddhi-agency-petrol-pump-andurle-kudal-206894/Home?utm_source=locator&utm_medium=googleplaces,3.8,248.0,"Ground Floor Mkg Road Oras, Andurle, Kudal, Maharashtra 416812",Sindhu Durg,16.1126899,73.7084912,ChIJuaxcWbYRwDsRbUcR-1SkVlY,https://www.google.com/maps/place/?q=place_id:ChIJuaxcWbYRwDsRbUcR-1SkVlY,part_136,2026-09-22 06:03:45,21633
Narkar,Businesses,Housing complex,Housing complex,416813,Maharashtra circle,Goa-Panaji Region,SINDHUDURG DIVISION,"Upale B.O, Umbarde S.O, Kusur B.O",N/A,N/A,5.0,1.0,"HQ9W+72W, Bhuibavada, Maharashtra 416813",416813,16.5682334,73.79506479999999,ChIJgUx_rbw1wDsRhM-E6Zf73Cc,https://www.google.com/maps/place/?q=place_id:ChIJgUx_rbw1wDsRhM-E6Zf73Cc,part_136,2026-09-22 06:04:18,23181
TALEKAR NIVAS,Businesses,Housing complex,Housing complex,416813,Maharashtra circle,Goa-Panaji Region,SINDHUDURG DIVISION,"Upale B.O, Umbarde S.O, Kusur B.O",N/A,N/A,5.0,1.0,"HQC6+JJ8, Akhvane-Bhom-Nagapvadi, Maharashtra 416813",416813,16.5715503,73.7616049,ChIJybrXCgA1wDsRCROWisZXzCA,https://www.google.com/maps/place/?q=place_id:ChIJybrXCgA1wDsRCROWisZXzCA,part_136,2026-09-22 06:04:18,23182
Ramchandra Iswalkar,Businesses,Housing complex,Housing complex,416813,Maharashtra circle,Goa-Panaji Region,SINDHUDURG DIVISION,"Upale B.O, Umbarde S.O, Kusur B.O",N/A,N/A,5.0,1.0,"HQG8+P5F, Mangavli, Maharashtra 416813",416813,16.5768187,73.7654367,ChIJ_2VgTgA1wDsR41XVTJ6HZVg,https://www.google.com/maps/place/?q=place_id:ChIJ_2VgTgA1wDsR41XVTJ6HZVg,part_136,2026-09-22 06:04:18,23183
Shantaram Vitthal Nagap House,Businesses,Housing society,Housing society,416813,Maharashtra circle,Goa-Panaji Region,SINDHUDURG DIVISION,"Upale B.O, Umbarde S.O, Kusur B.O",N/A,N/A,4.5,2.0,"HQC4+7J, Akhvane-Bhom-Nagapvadi, Maharashtra 416813",416813,16.572248599999998,73.75683149999999,ChIJXw7Kfd01wDsRMW9sTJyvU6M,https://www.google.com/maps/place/?q=place_id:ChIJXw7Kfd01wDsRMW9sTJyvU6M,part_136,2026-09-22 06:04:18,23184
Sakharam Yaswant Nagap,Businesses,Apartment complex,Apartment complex,416813,Maharashtra circle,Goa-Panaji Region,SINDHUDURG DIVISION,"Upale B.O, Umbarde S.O, Kusur B.O",N/A,N/A,4.3,3.0,"HQC4+7J, Akhvane-Bhom-Nagapvadi, Maharashtra 416813",416813,16.5711452,73.75660909999999,ChIJ8QVtMis1wDsRA_9qjWaVsT0,https://www.google.com/maps/place/?q=place_id:ChIJ8QVtMis1wDsRA_9qjWaVsT0,part_136,2026-09-22 06:04:18,23185
सरस्वती निवास (मंगेश राणे),Businesses,Apartment building,Apartment building,416813,Maharashtra circle,Goa-Panaji Region,SINDHUDURG DIVISION,"Upale B.O, Umbarde S.O, Kusur B.O",N/A,N/A,5.0,1.0,"HQP6+V5C, Mangavli, Maharashtra 416813",416813,16.5886238,73.760188,ChIJVaNEyAY1wDsRgoMB2wSLQuw,https://www.google.com/maps/place/?q=place_id:ChIJVaNEyAY1wDsRgoMB2wSLQuw,part_136,2026-09-22 06:04:18,23186
Prabhulkar Sadan,Businesses,Apartment building,Apartment building,416813,Maharashtra circle,Goa-Panaji Region,SINDHUDURG DIVISION,"Upale B.O, Umbarde S.O, Kusur B.O",N/A,N/A,5.0,1.0,"HQ8W+X6C, Bhuibavada, Maharashtra 416813",416813,16.567039899999997,73.79551699999999,ChIJu3iACNM1wDsRIL5DkzpgOG8,https://www.google.com/maps/place/?q=place_id:ChIJu3iACNM1wDsRIL5DkzpgOG8,part_136,2026-09-22 06:04:18,23187
रमण सोनू मुगदार,Businesses,Apartment building,Apartment building,416813,Maharashtra circle,Goa-Panaji Region,SINDHUDURG DIVISION,"Upale B.O, Umbarde S.O, Kusur B.O",N/A,N/A,5.0,5.0,"HP3X+QX9, Khalachi Gawali Wadi,Kumbharwadi, Kishor, Dist, Vaibhavwadi, Maharashtra 416813",416813,16.554406999999998,73.7499799,ChIJ1-QI7uQ1wDsRzXLZYgGQePQ,https://www.google.com/maps/place/?q=place_id:ChIJ1-QI7uQ1wDsRzXLZYgGQePQ,part_136,2026-09-22 06:04:18,23188
Navinchandra Nivas,Businesses,Housing complex,Housing complex,416813,Maharashtra circle,Goa-Panaji Region,SINDHUDURG DIVISION,"Upale B.O, Umbarde S.O, Kusur B.O",N/A,N/A,5.0,2.0,"HQC4+53M, Akhavane, Akhvane-Bhom-Nagapvadi, Maharashtra 416813",416813,16.5704673,73.75517529999999,ChIJXw7OJ2s1wDsR_nWPy03-eZI,https://www.google.com/maps/place/?q=place_id:ChIJXw7OJ2s1wDsR_nWPy03-eZI,part_136,2026-09-22 06:04:18,23189
Dnyandev Namdev Nagap,Businesses,Housing complex,Housing complex,416813,Maharashtra circle,Goa-Panaji Region,SINDHUDURG DIVISION,"Upale B.O, Umbarde S.O, Kusur B.O",N/A,N/A,5.0,2.0,"HQC5+CWG, Akhvane-Bhom-Nagapvadi, Maharashtra 416813",416813,16.5704201,73.7597763,ChIJ54aZ-6I1wDsRZgZ2fyzLENw,https://www.google.com/maps/place/?q=place_id:ChIJ54aZ-6I1wDsRZgZ2fyzLENw,part_136,2026-09-22 06:04:18,23190
Mahesh Chandrakant more,Businesses,Housing society,Housing society,416813,Maharashtra circle,Goa-Panaji Region,SINDHUDURG DIVISION,"Upale B.O, Umbarde S.O, Kusur B.O",N/A,N/A,5.0,1.0,"HQ7R+GFM, Bhuibavada, Maharashtra 416813",416813,16.5638385,73.7911865,ChIJJVaJDTI1wDsRPmG9QURMb4s,https://www.google.com/maps/place/?q=place_id:ChIJJVaJDTI1wDsRPmG9QURMb4s,part_136,2026-09-22 06:04:18,23191
santosh nivaas,Businesses,Housing complex,Housing complex,416813,Maharashtra circle,Goa-Panaji Region,SINDHUDURG DIVISION,"Upale B.O, Umbarde S.O, Kusur B.O",N/A,N/A,5.0,2.0,"HQRG+9X7, Het, Bhuibavada, Maharashtra 416813",416813,16.5909177,73.777433,ChIJK-d0-mw1wDsR1TugugI2lkU,https://www.google.com/maps/place/?q=place_id:ChIJK-d0-mw1wDsR1TugugI2lkU,part_136,2026-09-22 06:04:18,23192
मांगवली बौद्धवाडी,Businesses,Housing society,Housing society,416813,Maharashtra circle,Goa-Panaji Region,SINDHUDURG DIVISION,"Upale B.O, Umbarde S.O, Kusur B.O",N/A,N/A,,,"HQM3+VF2, Mangavli, Maharashtra 416813",416813,16.5846825,73.75341879999999,ChIJb1eGfAA1wDsR-tZFDHWCO2w,https://www.google.com/maps/place/?q=place_id:ChIJb1eGfAA1wDsR-tZFDHWCO2w,part_136,2026-09-22 06:04:18,23193
Sadanand Baliram More,Businesses,Housing society,Housing society,416813,Maharashtra circle,Goa-Panaji Region,SINDHUDURG DIVISION,"Upale B.O, Umbarde S.O, Kusur B.O",N/A,N/A,5.0,2.0,"HQ5W+GJ, Bhuibavada, Maharashtra 416813",416813,16.5587809,73.79656419999999,ChIJFbrtfQA1wDsRGEciLJiuby0,https://www.google.com/maps/place/?q=place_id:ChIJFbrtfQA1wDsRGEciLJiuby0,part_136,2026-09-22 06:04:18,23194
Ramchandra Nagap Ani Sahaparivar,Businesses,Housing complex,Housing complex,416813,Maharashtra circle,Goa-Panaji Region,SINDHUDURG DIVISION,"Upale B.O, Umbarde S.O, Kusur B.O",N/A,N/A,5.0,1.0,"HQC6+MG, Akhvane-Bhom-Nagapvadi, Maharashtra 416813",416813,16.5708906,73.7607134,ChIJB3UId_U1wDsR3VlNux0sbz8,https://www.google.com/maps/place/?q=place_id:ChIJB3UId_U1wDsR3VlNux0sbz8,part_136,2026-09-22 06:04:18,23195
MAYURI NIWAS,Businesses,Housing society,Housing society,416813,Maharashtra circle,Goa-Panaji Region,SINDHUDURG DIVISION,"Upale B.O, Umbarde S.O, Kusur B.O",N/A,N/A,5.0,1.0,"HQC4+5JR, Akhvane-Bhom-Nagapvadi, Maharashtra 416813",416813,16.570493499999998,73.7565031,ChIJb_syDgA1wDsRcRuMD9fTwvk,https://www.google.com/maps/place/?q=place_id:ChIJb_syDgA1wDsRcRuMD9fTwvk,part_136,2026-09-22 06:04:18,23196
Rupesh Mahadev Gangan,Businesses,Housing complex,Housing complex,416813,Maharashtra circle,Goa-Panaji Region,SINDHUDURG DIVISION,"Upale B.O, Umbarde S.O, Kusur B.O",N/A,N/A,5.0,1.0,"HQR5+3QJ, Unnamed Road, Mangavli, Maharashtra 416813",416813,16.5902212,73.75938459999999,ChIJiQipNss1wDsRvommtoCsgX4,https://www.google.com/maps/place/?q=place_id:ChIJiQipNss1wDsRvommtoCsgX4,part_136,2026-09-22 06:04:18,23197
Sawant Residency,Businesses,Apartment building,Apartment building,416813,Maharashtra circle,Goa-Panaji Region,SINDHUDURG DIVISION,"Upale B.O, Umbarde S.O, Kusur B.O",N/A,N/A,5.0,1.0,"HQRH+78X, Het, Maharashtra 416813",416813,16.5907437,73.7783724,ChIJG_z2fwA1wDsReN0PIVHtofY,https://www.google.com/maps/place/?q=place_id:ChIJG_z2fwA1wDsReN0PIVHtofY,part_136,2026-09-22 06:04:19,23198
yashodha niwas,Businesses,Housing complex,Housing complex,416813,Maharashtra circle,Goa-Panaji Region,SINDHUDURG DIVISION,"Upale B.O, Umbarde S.O, Kusur B.O",N/A,N/A,5.0,1.0,"buddhawadi, Het, Mangavli, Maharashtra 416813",416813,16.590003499999998,73.7742158,ChIJD50Agu01wDsRejMgvDFPBQU,https://www.google.com/maps/place/?q=place_id:ChIJD50Agu01wDsRejMgvDFPBQU,part_136,2026-09-22 06:04:19,23199
Abhinandan Slacks,Businesses,Manufacturer,Manufacturer,421002,Maharashtra Circle,Navi Mumbai Region,Thane Division,"Ulhasnagar 2 S.O, Bhaji Market S.O, Bus Terminus",N/A,N/A,4.8,5.0,"1st floor, Block no. C-587, behind Vicky Raj Compound O, T.Section, Ulhasnagar, Maharashtra 421002",T.Section,19.229869,73.161513,ChIJTfonybuV5zsROdj0I298sCA,https://www.google.com/maps/place/?q=place_id:ChIJTfonybuV5zsROdj0I298sCA,part_136,2026-09-22 06:04:56,28867
Maxe Infotech,Businesses,Software company,Software company,421002,Maharashtra Circle,Navi Mumbai Region,Thane Division,"Ulhasnagar 2 S.O, Bhaji Market S.O, Bus Terminus",+91 251 270 0728,http://www.maxeinfotech.com/,5.0,1.0,"keswani complex, near Sapna Talkies, Press Bazar, Ulhasnagar, Maharashtra 421002",Press Bazar,19.2297156,73.1619023,ChIJS6yXO0OU5zsReFcYatNhj8I,https://www.google.com/maps/place/?q=place_id:ChIJS6yXO0OU5zsReFcYatNhj8I,part_136,2026-09-22 06:04:56,28868
MasterMind AI - Software Development Agency,Businesses,Software company,Software company,421002,Maharashtra Circle,Navi Mumbai Region,Thane Division,"Ulhasnagar 2 S.O, Bhaji Market S.O, Bus Terminus",N/A,https://mastermindai.in/,5.0,7.0,"Office no 112, peninsula park building, back of R.K.T college, near sapna garden, Press Bazar, Ulhasnagar, Maharashtra 421003",Press Bazar,19.2293541,73.1611185,ChIJbYQyxMKV5zsReotjQsiEW20,https://www.google.com/maps/place/?q=place_id:ChIJbYQyxMKV5zsReotjQsiEW20,part_136,2026-09-22 06:04:56,28869
V.A Business Centre,Businesses,Business center,Business center,421002,Maharashtra Circle,Navi Mumbai Region,Thane Division,"Ulhasnagar 2 S.O, Bhaji Market S.O, Bus Terminus",N/A,N/A,4.3,33.0,"Kalyan - Badlapur Rd, Lakshmi Nagar, MIDC, Ambernath, Maharashtra 421505","Lakshmi Nagar, MIDC",19.2100588,73.1931596,ChIJYfpEvMeT5zsRlpV-xMpt4Vg,https://www.google.com/maps/place/?q=place_id:ChIJYfpEvMeT5zsRlpV-xMpt4Vg,part_136,2026-09-22 06:04:56,28870
Ekta Ramsinghani & Associates,Businesses,Legal services,Legal services,421002,Maharashtra Circle,Navi Mumbai Region,Thane Division,"Ulhasnagar 2 S.O, Bhaji Market S.O, Bus Terminus",+91 93598 22330,N/A,5.0,4.0,"Office No. 35, 1st Floor, Prince Market, Furniture Bazar, Press Bazar, Ulhasnagar, Maharashtra 421002","Furniture Bazar, Press Bazar",19.2298687,73.1615127,ChIJ3-LI6HCV5zsRmNYh-BiDXTA,https://www.google.com/maps/place/?q=place_id:ChIJ3-LI6HCV5zsRmNYh-BiDXTA,part_136,2026-09-22 06:04:56,28871
Motilal Oswal Financial Services Limited,Businesses,Stock broker,"Stock broker, Financial advisor, Investment company, Online Share Trading Center",421002,Maharashtra Circle,Navi Mumbai Region,Thane Division,"Ulhasnagar 2 S.O, Bhaji Market S.O, Bus Terminus",+91 97310 41203,https://stockbroker.motilaloswal.com/motilal-oswal-financial-services-limited-master-securitie-stock-broker-ulhas-nagar-ulhasnagar-76709/Home?utm_source=locator&utm_medium=googleplaces,4.8,4.0,"No 44, 2nd Floor Prince Mkt, Furniture Bazar, Ulhas Nagar, Ulhasnagar, Maharashtra 421002",Press Bazar,19.230299,73.1618823,ChIJM-ivaQqV5zsRRG7pwRihY-g,https://www.google.com/maps/place/?q=place_id:ChIJM-ivaQqV5zsRRG7pwRihY-g,part_136,2026-09-22 06:04:56,28872
Venus Trading Co.,Businesses,Computer Wholesaler,Computer Wholesaler,421002,Maharashtra Circle,Navi Mumbai Region,Thane Division,"Ulhasnagar 2 S.O, Bhaji Market S.O, Bus Terminus",+91 95520 72000,https://venustrading.co.in/,4.9,46.0,"Shop no 04, BK no. 831 Kalyan Ambernath Road, Chatrapati Shivaji Maharaj Chowk, behind Mukesh Electronics, Ulhasnagar, Maharashtra 421002",Ramayan Nagar,19.2276518,73.1606503,ChIJ3T2iaRWU5zsR3YS8uvrgy1Q,https://www.google.com/maps/place/?q=place_id:ChIJ3T2iaRWU5zsR3YS8uvrgy1Q,part_136,2026-09-22 06:04:57,28873
Miracle Accounting Software,Businesses,Software company,Software company,421002,Maharashtra Circle,Navi Mumbai Region,Thane Division,"Ulhasnagar 2 S.O, Bhaji Market S.O, Bus Terminus",+91 79772 55062,http://www.miracleaccounting.in/,4.8,31.0,"Global Softech, above sunlight hair salon, near Hira marriage hall, Sidhi Vinayak Nagar, Ulhasnagar, Maharashtra 421002",Sidhi Vinayak Nagar,19.232903,73.15952519999999,ChIJO6CTmjKV5zsRNQUoyK0O6lE,https://www.google.com/maps/place/?q=place_id:ChIJO6CTmjKV5zsRNQUoyK0O6lE,part_136,2026-09-22 06:04:57,28874
Vyom Enterprises,Businesses,Digital printing service,Digital printing service,421002,Maharashtra Circle,Navi Mumbai Region,Thane Division,"Ulhasnagar 2 S.O, Bhaji Market S.O, Bus Terminus",+91 91561 86986,https://vyomenterprises.co.in/,5.0,15.0,"Shivaji Chowk, Old Dalda Depot, B-77, Press Bazar, Ulhasnagar, Maharashtra 421003",Press Bazar,19.227371299999998,73.1625193,ChIJfXpw7jOV5zsRCBpynU5Nm_w,https://www.google.com/maps/place/?q=place_id:ChIJfXpw7jOV5zsRCBpynU5Nm_w,part_136,2026-09-22 06:04:57,28875
jha p& company,Businesses,Road Contractor,Road Contractor,421002,Maharashtra Circle,Navi Mumbai Region,Thane Division,"Ulhasnagar 2 S.O, Bhaji Market S.O, Bus Terminus",+91 251 256 1880,https://jhapcompany.com/,4.3,,"Near rambhau mahalgi chowk azad nagar ULHASNAGAR, 2, Mumbai, Maharashtra 421002",Press Bazar,19.2326264,73.1712007,ChIJ__-jWQyU5zsRG1ZCZOGtt3U,https://www.google.com/maps/place/?q=place_id:ChIJ__-jWQyU5zsRG1ZCZOGtt3U,part_136,2026-09-22 06:04:57,28876
Revolve Solutions Pvt. Ltd.,Businesses,Software company,Software company,421002,Maharashtra Circle,Navi Mumbai Region,Thane Division,"Ulhasnagar 2 S.O, Bhaji Market S.O, Bus Terminus",N/A,https://revolvespl.com/,5.0,,"Ulhasnagar Municipal Corporation Rd, Section 17, Vitthalwadi, Ulhasnagar, Maharashtra 421002","Section 17, Vitthalwadi",19.2303462,73.1586607,ChIJD6v5nReV5zsRli6T-nEaOzk,https://www.google.com/maps/place/?q=place_id:ChIJD6v5nReV5zsRli6T-nEaOzk,part_136,2026-09-22 06:04:57,28877
Smartify Technologies ( Automation Company),Businesses,Automation company,Automation company,421002,Maharashtra Circle,Navi Mumbai Region,Thane Division,"Ulhasnagar 2 S.O, Bhaji Market S.O, Bus Terminus",+91 97677 28530,N/A,5.0,,"Pinto Park Compound, Railway Station Rd, Yashwant Colony, Ulhasnagar, Maharashtra 421002",Yashwant Colony,19.218800899999998,73.1658319,ChIJx4VI52SV5zsRIGIB7ZEcz7M,https://www.google.com/maps/place/?q=place_id:ChIJx4VI52SV5zsRIGIB7ZEcz7M,part_136,2026-09-22 06:04:57,28878
Radhe Radhe enterprise,Businesses,Manufacturer,Manufacturer,421004,Maharashtra Circle,Navi Mumbai Region,Thane Division,Ulhasnagar 4 S.O,N/A,N/A,,,"Krishna Nagar, Ulhasnagar, Maharashtra 421004",Krishna Nagar,19.2125742,73.1615383,ChIJ2d4V56WV5zsRvWszEIbOGBw,https://www.google.com/maps/place/?q=place_id:ChIJ2d4V56WV5zsRvWszEIbOGBw,part_136,2026-09-22 06:05:31,30248
RGB TRADERS,Businesses,Wholesaler,Wholesaler,421004,Maharashtra Circle,Navi Mumbai Region,Thane Division,Ulhasnagar 4 S.O,+91 89993 74402,N/A,4.2,5.0,"opp. RAMRAKSHA HOSPITAL, behind SST COLLAGE, Maratha Section 32, Krishna Nagar, Ulhasnagar, Maharashtra 421004","Maratha Section 32, Krishna Nagar",19.2126235,73.1614903,ChIJ254jKQSV5zsRnW-uGxkbRVM,https://www.google.com/maps/place/?q=place_id:ChIJ254jKQSV5zsRnW-uGxkbRVM,part_136,2026-09-22 06:05:31,30249
Createalyze,Businesses,Business attorney,Business attorney,421004,Maharashtra Circle,Navi Mumbai Region,Thane Division,Ulhasnagar 4 S.O,+91 89561 51002,N/A,,,"Dfx, Krishna Nagar, Ulhasnagar, Maharashtra 421004","Dfx, Krishna Nagar",19.2125742,73.1615383,ChIJRTjE40OV5zsRDoAs32xOqFc,https://www.google.com/maps/place/?q=place_id:ChIJRTjE40OV5zsRDoAs32xOqFc,part_136,2026-09-22 06:05:31,30250
Pro Craft Bag,Businesses,Website designer,Website designer,421004,Maharashtra Circle,Navi Mumbai Region,Thane Division,Ulhasnagar 4 S.O,+91 86899 19475,N/A,5.0,2.0,"1, Maratha Section 32, Krishna Nagar, Ulhasnagar, Maharashtra 421004","Maratha Section 32, Krishna Nagar",19.2134203,73.1602482,ChIJPQ8X0cCV5zsREKmKEaOGFtk,https://www.google.com/maps/place/?q=place_id:ChIJPQ8X0cCV5zsREKmKEaOGFtk,part_136,2026-09-22 06:05:31,30251
Vidarbha-Volts Private Limited,Businesses,Solar Energy Company,Solar Energy Company,421004,Maharashtra Circle,Navi Mumbai Region,Thane Division,Ulhasnagar 4 S.O,+91 70215 21406,N/A,,,"SaiRam Apartment, Gajanan Nagar road, Ulhasnagar, Maharashtra 421004",Krishna Nagar,19.2123839,73.1613581,ChIJT7yhKIKV5zsRicrkypn3PWU,https://www.google.com/maps/place/?q=place_id:ChIJT7yhKIKV5zsRicrkypn3PWU,part_136,2026-09-22 06:05:31,30252
gajanan nagar,Businesses,Housing society,Housing society,421004,Maharashtra Circle,Navi Mumbai Region,Thane Division,Ulhasnagar 4 S.O,N/A,N/A,4.0,5.0,"6576+6HF, Maratha Section Rd, Maratha Section 32, Krishna Nagar, Ulhasnagar, Maharashtra 421004","Maratha Section 32, Krishna Nagar",19.213064,73.161431,ChIJaTasdJGV5zsRmdMxLIXy1mY,https://www.google.com/maps/place/?q=place_id:ChIJaTasdJGV5zsRmdMxLIXy1mY,part_136,2026-09-22 06:05:31,30253
Sutar villa,Businesses,Housing complex,Housing complex,421004,Maharashtra Circle,Navi Mumbai Region,Thane Division,Ulhasnagar 4 S.O,N/A,N/A,4.5,2.0,"no 1405, Room No 8, near Trimurti colony Brack, Maratha Section 32, Krishna Nagar, Ulhasnagar, Maharashtra 421004","Maratha Section 32, Krishna Nagar",19.212944999999998,73.1603763,ChIJbxaFQACV5zsR91cxt2EzJKk,https://www.google.com/maps/place/?q=place_id:ChIJbxaFQACV5zsR91cxt2EzJKk,part_136,2026-09-22 06:05:31,30254
Jeevan malkar,Businesses,Housing complex,Housing complex,421004,Maharashtra Circle,Navi Mumbai Region,Thane Division,Ulhasnagar 4 S.O,N/A,N/A,5.0,2.0,"Maratha section 32, Near Trimurti coloney Brack no1405, Room No 8, Maratha Section 32, Krishna Nagar, Ulhasnagar, Maharashtra 421004","Maratha Section 32, Krishna Nagar",19.2128235,73.1602147,ChIJf2VSW2WV5zsRXxAr4RCD-fg,https://www.google.com/maps/place/?q=place_id:ChIJf2VSW2WV5zsRXxAr4RCD-fg,part_136,2026-09-22 06:05:31,30255
Bharat tare niwas,Businesses,Housing development,Housing development,421004,Maharashtra Circle,Navi Mumbai Region,Thane Division,Ulhasnagar 4 S.O,+91 83296 79147,N/A,5.0,1.0,"6576+6H8, Maratha Section 32, gajanan nagar, Ulhasnagar, Maharashtra 421004","Maratha Section 32, gajanan nagar",19.213027,73.1614434,ChIJvWoAlvaV5zsRgDU-BNjYjiI,https://www.google.com/maps/place/?q=place_id:ChIJvWoAlvaV5zsRgDU-BNjYjiI,part_136,2026-09-22 06:05:31,30256
Bhatia Bhavan,Businesses,Apartment building,Apartment building,421004,Maharashtra Circle,Navi Mumbai Region,Thane Division,Ulhasnagar 4 S.O,N/A,N/A,5.0,1.0,"Bhatia Bhavan, Brahamanpada, Jyoti Colony, Krishna Nagar, Ulhasnagar, Maharashtra 421004","Jyoti Colony, Krishna Nagar",19.2129007,73.1628034,ChIJR3jyCGeV5zsRpQVBkZeoOv0,https://www.google.com/maps/place/?q=place_id:ChIJR3jyCGeV5zsRpQVBkZeoOv0,part_136,2026-09-22 06:05:31,30257
Trident 3D Solutions,Businesses,3D printing service,3D printing service,421004,Maharashtra Circle,Navi Mumbai Region,Thane Division,Ulhasnagar 4 S.O,+91 98343 68552,N/A,4.9,,"NO 441, opt, Marathi Methodist Church, 441/882, Mahatma Phule Rd, Ashok Nagar, Ulhasnagar, Maharashtra 421004",Ashok Nagar,19.2134628,73.1671777,ChIJ8eNOT1qV5zsRoVdOVJ8btsA,https://www.google.com/maps/place/?q=place_id:ChIJ8eNOT1qV5zsRoVdOVJ8btsA,part_136,2026-09-22 06:05:31,30258
VAKRATUNDA ENTERPRISES,Businesses,E-commerce service,E-commerce service,421004,Maharashtra Circle,Navi Mumbai Region,Thane Division,Ulhasnagar 4 S.O,+91 72766 42268,N/A,4.1,,"VAKRATUNDA ENTERPRISES, Railway Station Rd, opposite SWAGAT MEDICAL, Maratha Section 32, Krishna Nagar, Ulhasnagar, Maharashtra 421004","Maratha Section 32, Krishna Nagar",19.2162901,73.1615181,ChIJvS_rUqOV5zsRU7u1UXUqSss,https://www.google.com/maps/place/?q=place_id:ChIJvS_rUqOV5zsRU7u1UXUqSss,part_136,2026-09-22 06:05:31,30259
Sanah lulla lalwani(Jack lalwani),Businesses,Astrologer,Astrologer,421004,Maharashtra Circle,Navi Mumbai Region,Thane Division,Ulhasnagar 4 S.O,+91 80070 81819,https://sanah.setmore.com/,4.9,,"Shop no 3, Heer vinay society, sec27, Ulhasnagar - IV, section 26, Krishna Nagar, Ulhasnagar, Maharashtra 421004","section 26, Krishna Nagar",19.2117416,73.1585362,ChIJH40nltqV5zsR-b-eEzavJPg,https://www.google.com/maps/place/?q=place_id:ChIJH40nltqV5zsR-b-eEzavJPg,part_136,2026-09-22 06:05:31,30260
RL Companies,Businesses,Corporate office,Corporate office,421004,Maharashtra Circle,Navi Mumbai Region,Thane Division,Ulhasnagar 4 S.O,N/A,N/A,4.0,,"Babasai Nagar, Ulhasnagar, Maharashtra 421004",Babasai Nagar,19.209687499999998,73.1663125,ChIJzUqMHimV5zsRBosXZS7XHeY,https://www.google.com/maps/place/?q=place_id:ChIJzUqMHimV5zsRBosXZS7XHeY,part_136,2026-09-22 06:05:32,30261
L.K.Enterprise,Businesses,E - Commerce Agency,E - Commerce Agency,421004,Maharashtra Circle,Navi Mumbai Region,Thane Division,Ulhasnagar 4 S.O,+91 70206 66163,N/A,5.0,,"sambhaji chowk, road, near hanuman Mandir, Panch Pandav Colony, Lalchakki, ulhasnagar-4, Ulhasnagar, Maharashtra 421004","Panch Pandav Colony, Lalchakki",19.2122371,73.1644743,ChIJJRJVeaqV5zsRPjqPcsi2JIo,https://www.google.com/maps/place/?q=place_id:ChIJJRJVeaqV5zsRPjqPcsi2JIo,part_136,2026-09-22 06:05:32,30262
VEDANT SWAMI SOLAR PVT LTD,Businesses,Solar Energy Company,"Solar Energy Company, Solar energy system service, Solar photovoltaic power plant",421004,Maharashtra Circle,Navi Mumbai Region,Thane Division,Ulhasnagar 4 S.O,N/A,http://www.vedantsolar.com/,4.7,,"Krishna Sharda Tower , Shop No.2 , Lalchakki, 4, Ulhasnagar - IV, Ulhasnagar, Maharashtra 421004",Krishna Nagar,19.2136296,73.1639557,ChIJp-fuqqKV5zsRhBLnvx5XkBE,https://www.google.com/maps/place/?q=place_id:ChIJp-fuqqKV5zsRhBLnvx5XkBE,part_136,2026-09-22 06:05:32,30263
Usha Agency - Ulhasnagar 4,Businesses,Electronics store,Electronics store,421004,Maharashtra Circle,Navi Mumbai Region,Thane Division,Ulhasnagar 4 S.O,+91 91121 85101,N/A,3.9,,"421004, Section 28, Krishna Nagar, Ulhasnagar, Maharashtra 421005","Section 28, Krishna Nagar",19.2108821,73.1596072,ChIJJa-7QmeU5zsRBefPrN5yr0I,https://www.google.com/maps/place/?q=place_id:ChIJJa-7QmeU5zsRBefPrN5yr0I,part_136,2026-09-22 06:05:32,30264
Eastman Dealer - Sai Agency,Businesses,Battery Store,"Battery Store, Battery Wholesaler, Solar energy system service, Solar energy equipment supplier, Solar panel maintenance service",421004,Maharashtra Circle,Navi Mumbai Region,Thane Division,Ulhasnagar 4 S.O,+91 80 4587 3593,https://eastman-dealers.eaplworld.com/near-me/ulhasnagar/Yashwant-Colony/eastman-dealer-sai-agency-in-Yashwant-Colony-ulhasnagar--bspweX/home,,,"Ground Floor, Yashwant Colony, Ulhasnagar, Maharashtra 421003",Yashwant Colony,19.220104799999998,73.16372059999999,ChIJq_hs4p-V5zsRNGsfwViE-HA,https://www.google.com/maps/place/?q=place_id:ChIJq_hs4p-V5zsRNGsfwViE-HA,part_136,2026-09-22 06:05:32,30265
Laxmi Enterprises,Businesses,Manufacturer,Manufacturer,421005,Maharashtra Circle,Navi Mumbai Region,Thane Division,Ulhasnagar 5 S.O,+91 88305 77585,http://www.laxmienterprisesulhasnagar.com/,5.0,,"Kailash Colony, Ulhasnagar, Maharashtra 421005",Kailash Colony,19.1953803,73.162156,ChIJ_xvM1wuV5zsRAyc3Ldpy614,https://www.google.com/maps/place/?q=place_id:ChIJ_xvM1wuV5zsRAyc3Ldpy614,part_136,2026-09-22 06:06:07,32207
Hemandas & Sons,Businesses,Wholesaler,Wholesaler,421005,Maharashtra Circle,Navi Mumbai Region,Thane Division,Ulhasnagar 5 S.O,+91 99218 58686,N/A,5.0,,"shop no. 3, main road, prabharam mandir ,, Ulhasnagar, Maharashtra 421005",421005,19.1981663,73.16326649999999,ChIJ-xixC4yU5zsR9mpfv-onoJI,https://www.google.com/maps/place/?q=place_id:ChIJ-xixC4yU5zsR9mpfv-onoJI,part_136,2026-09-22 06:06:07,32208
Shree balaji enterprises,Businesses,Manufacturer,Manufacturer,421005,Maharashtra Circle,Navi Mumbai Region,Thane Division,Ulhasnagar 5 S.O,N/A,N/A,,,"chawl no 1, Akash colony, section 36, Ulhasnagar 5, Kailash Colony, Ulhasnagar, Maharashtra 421005",Kailash Colony,19.196108799999998,73.1638909,ChIJMWIYDtiV5zsRQCuaL6INo2c,https://www.google.com/maps/place/?q=place_id:ChIJMWIYDtiV5zsRQCuaL6INo2c,part_136,2026-09-22 06:06:07,32209
N M jeans meking,Businesses,Manufacturer,Manufacturer,421005,Maharashtra Circle,Navi Mumbai Region,Thane Division,Ulhasnagar 5 S.O,N/A,N/A,5.0,,"Khandan Rd, near Bharat gas godown, Kailash Colony, Ulhasnagar, Maharashtra 421005",Kailash Colony,19.1955048,73.1621159,ChIJuQ7IfRWV5zsRuNVlYt4Iia8,https://www.google.com/maps/place/?q=place_id:ChIJuQ7IfRWV5zsRuNVlYt4Iia8,part_136,2026-09-22 06:06:07,32210
KING AQUA,Businesses,Mineral water company,Mineral water company,421005,Maharashtra Circle,Navi Mumbai Region,Thane Division,Ulhasnagar 5 S.O,+91 76666 76643,N/A,5.0,,"Shop No 7,8, near Gaikwad Pada, Kailash Colony, Ulhasnagar, Maharashtra 421005",Kailash Colony,19.1963303,73.1639634,ChIJR5mNDKeV5zsRCuobmsWaP3Q,https://www.google.com/maps/place/?q=place_id:ChIJR5mNDKeV5zsRCuobmsWaP3Q,part_136,2026-09-22 06:06:07,32211
bhoir niwas,Businesses,Housing development,Housing development,421005,Maharashtra Circle,Navi Mumbai Region,Thane Division,Ulhasnagar 5 S.O,N/A,N/A,5.0,,"Shop No 1, Akash Colony Road, Kailash Colony, Ulhasnagar, Maharashtra 421005",Kailash Colony,19.1936553,73.1641629,ChIJNzdfWACV5zsRRinXxv8rfAs,https://www.google.com/maps/place/?q=place_id:ChIJNzdfWACV5zsRRinXxv8rfAs,part_136,2026-09-22 06:06:07,32212
Aakash colony near mahatre compund,Businesses,Housing development,Housing development,421005,Maharashtra Circle,Navi Mumbai Region,Thane Division,Ulhasnagar 5 S.O,N/A,N/A,3.9,,"2077/16, Gaikwad Pada, Prakash Nagar, Kailash Colony, Ulhasnagar, Maharashtra 421005","Gaikwad Pada, Prakash Nagar, Kailash Colony",19.1943169,73.1647249,ChIJ51XkW7uV5zsRA9pJGXnuizY,https://www.google.com/maps/place/?q=place_id:ChIJ51XkW7uV5zsRA9pJGXnuizY,part_136,2026-09-22 06:06:07,32213
Lokhande house (Vijay),Businesses,Housing society,Housing society,421005,Maharashtra Circle,Navi Mumbai Region,Thane Division,Ulhasnagar 5 S.O,N/A,N/A,5.0,,"55V7+GQR, Gaikwad Pada, Kailash Colony, Ulhasnagar, Maharashtra 421005","Gaikwad Pada, Kailash Colony",19.193871299999998,73.16438769999999,ChIJH8q-ptWV5zsRYst6WkQFopc,https://www.google.com/maps/place/?q=place_id:ChIJH8q-ptWV5zsRYst6WkQFopc,part_136,2026-09-22 06:06:07,32214
Sai Traders,Businesses,Clothing Accessories Store,"Clothing Accessories Store, Advertising agency, Branding agency, Design agency, Digital printing service, Laser tag center, Manufacturer, Packaging company, Packaging supply store, Print shop",421005,Maharashtra Circle,Navi Mumbai Region,Thane Division,Ulhasnagar 5 S.O,+91 93243 14311,http://opakindia.com/,5.0,,"Room No. 3, BK No. 2099, opposite Prabharam Mandir, opposite ICICI Bank, Kailash Colony, Ulhasnagar, Maharashtra 421005",Kailash Colony,19.1953309,73.1615127,ChIJD21T_3CV5zsR_0HdT4HVSQY,https://www.google.com/maps/place/?q=place_id:ChIJD21T_3CV5zsR_0HdT4HVSQY,part_136,2026-09-22 06:06:07,32215
Nitish' house,Businesses,Housing society,Housing society,421005,Maharashtra Circle,Navi Mumbai Region,Thane Division,Ulhasnagar 5 S.O,N/A,N/A,3.0,,"55V7+G63, Kailash Colony, Ulhasnagar, Maharashtra 421005",Kailash Colony,19.1939124,73.1627615,ChIJzzxWWAqV5zsRB73trCQ3b0s,https://www.google.com/maps/place/?q=place_id:ChIJzzxWWAqV5zsRB73trCQ3b0s,part_136,2026-09-22 06:06:07,32216
श्री Balaji Enterprises,Businesses,Corporate office,Corporate office,421005,Maharashtra Circle,Navi Mumbai Region,Thane Division,Ulhasnagar 5 S.O,+91 90224 84387,N/A,4.5,4.0,"5, near Mohit Apt, behind Bhagwan Hospital, Kailash Colony, Ulhasnagar, Maharashtra 421501",Kailash Colony,19.199245599999998,73.1693812,ChIJU7GlWRiV5zsRUmcL2RhaaVM,https://www.google.com/maps/place/?q=place_id:ChIJU7GlWRiV5zsRUmcL2RhaaVM,part_136,2026-09-22 06:06:07,32217
HUBIT,Businesses,Business development service,Business development service,421005,Maharashtra Circle,Navi Mumbai Region,Thane Division,Ulhasnagar 5 S.O,+91 92843 22316,https://hubitonline.com/,5.0,11.0,"shop no. 3, Maker Tower, behind prabhat garden gate, Kailash Colony, Ulhasnagar, Maharashtra 421005",Kailash Colony,19.205247699999997,73.1638138,ChIJexXd_LSrWiURYSqHem0ctsw,https://www.google.com/maps/place/?q=place_id:ChIJexXd_LSrWiURYSqHem0ctsw,part_136,2026-09-22 06:06:07,32218
allsense vastu insights,Businesses,Vastu consultant,Vastu consultant,421005,Maharashtra Circle,Navi Mumbai Region,Thane Division,Ulhasnagar 5 S.O,+91 77700 03922,N/A,5.0,13.0,"Om Shivam Complex A, 1, Dev Samaj Road, behind Shivnery Hospital, Babasai Nagar, Ulhasnagar, Maharashtra 421005",Babasai Nagar,19.2087775,73.16239519999999,ChIJMcaVslKV5zsR9RlJSyuZ6As,https://www.google.com/maps/place/?q=place_id:ChIJMcaVslKV5zsR9RlJSyuZ6As,part_136,2026-09-22 06:06:07,32219
Vinayak Trading Company,Businesses,Wholesaler,Wholesaler,421005,Maharashtra Circle,Navi Mumbai Region,Thane Division,Ulhasnagar 5 S.O,N/A,https://www.vinayaktrading.in/,5.0,2.0,"1st floor, plot Shop on, Shiv Mandir Road, opposite to brk no 1925, Kailash Colony, Ulhasnagar, Maharashtra 421005",Kailash Colony,19.200518799999998,73.1719123,ChIJWVg34G6V5zsRnQNhOK4o0dU,https://www.google.com/maps/place/?q=place_id:ChIJWVg34G6V5zsRnQNhOK4o0dU,part_136,2026-09-22 06:06:07,32220
WAAHSAI SOLUTIONS PRIVATE LIMITED,Businesses,Business to business service,"Business to business service, Household goods wholesaler",421005,Maharashtra Circle,Navi Mumbai Region,Thane Division,Ulhasnagar 5 S.O,+91 98900 91342,http://waahsai.top/,,,"Jeevan Ghot Hall, Bk No.1893, Ulhasnagar 5, opp. Room no.1, near Sai, Section 40, Kailash Colony, Ulhasnagar, Maharashtra 421005","Section 40, Kailash Colony",19.2024355,73.1704152,ChIJceNYnuuV5zsR4prp0cAYCQw,https://www.google.com/maps/place/?q=place_id:ChIJceNYnuuV5zsR4prp0cAYCQw,part_136,2026-09-22 06:06:07,32221
Busy Parrot,Businesses,Business to business service,"Business to business service, Business development service, Business networking company",421005,Maharashtra Circle,Navi Mumbai Region,Thane Division,Ulhasnagar 5 S.O,+91 96572 04656,https://busyparrot.com/,5.0,6.0,"Office No. 2, Hari Om Chambers, Section 39, Kailash Colony, Ulhasnagar, Maharashtra 421005","Section 39, Kailash Colony",19.2028593,73.167394,ChIJYSIumXKV5zsR3E7P1gLOf7w,https://www.google.com/maps/place/?q=place_id:ChIJYSIumXKV5zsR3E7P1gLOf7w,part_136,2026-09-22 06:06:07,32222
Khatwani And Company,Businesses,Tax consultant,Tax consultant,421005,Maharashtra Circle,Navi Mumbai Region,Thane Division,Ulhasnagar 5 S.O,+91 93248 10629,N/A,,,"Kurla Camp Rd, Kailash Colony, Ulhasnagar, Maharashtra 421005",Kailash Colony,19.2092206,73.1606681,ChIJn-JtzmCU5zsRl_hdFiXJnQo,https://www.google.com/maps/place/?q=place_id:ChIJn-JtzmCU5zsRl_hdFiXJnQo,part_136,2026-09-22 06:06:08,32223
MS Business Park,Businesses,Corporate office,Corporate office,421005,Maharashtra Circle,Navi Mumbai Region,Thane Division,Ulhasnagar 5 S.O,N/A,N/A,,,"C/871/1741, Vijaydarshan Block, Kailash Colony, Ulhasnagar, Maharashtra 421005","Vijaydarshan Block, Kailash Colony",19.206891799999998,73.1651839,ChIJqc8OFQCV5zsRUVFtu1ra9DM,https://www.google.com/maps/place/?q=place_id:ChIJqc8OFQCV5zsRUVFtu1ra9DM,part_136,2026-09-22 06:06:08,32224
Wade Company,Businesses,Housing complex,Housing complex,421005,Maharashtra Circle,Navi Mumbai Region,Thane Division,Ulhasnagar 5 S.O,N/A,N/A,,,"652G+P54, Kailash Colony, Ulhasnagar, Maharashtra 421005",Kailash Colony,19.201736099999998,73.1754098,ChIJpTqQUACV5zsR4Jw0lx81LE0,https://www.google.com/maps/place/?q=place_id:ChIJpTqQUACV5zsR4Jw0lx81LE0,part_136,2026-09-22 06:06:08,32225
RCM BUSINESS,Businesses,Indian grocery store,Indian grocery store,421005,Maharashtra Circle,Navi Mumbai Region,Thane Division,Ulhasnagar 5 S.O,N/A,N/A,4.8,,"BLOCK C 932, Kurla Camp Rd, Ravindra Nagar, Kailash Colony, Ulhasnagar, Maharashtra 421005","Ravindra Nagar, Kailash Colony",19.2054308,73.1713518,ChIJWTzAvL6V5zsRaBPlEsVMh7s,https://www.google.com/maps/place/?q=place_id:ChIJWTzAvL6V5zsRaBPlEsVMh7s,part_136,2026-09-22 06:06:08,32226
KING TRADING COMPANY,Businesses,Hardware store,Hardware store,421005,Maharashtra Circle,Navi Mumbai Region,Thane Division,Ulhasnagar 5 S.O,+91 93094 80370,N/A,4.5,,"Shop No 1, Near, Mahatma Gandhi Rd, opp. Gurudwara Road, Kailash Colony, Ulhasnagar, Maharashtra 421005",Kailash Colony,19.2040091,73.1629177,ChIJ8wPhcSGV5zsRgmEhRDYPKP0,https://www.google.com/maps/place/?q=place_id:ChIJ8wPhcSGV5zsRgmEhRDYPKP0,part_136,2026-09-22 06:06:08,32227
Shreyan Beverages,Businesses,Manufacturer,Manufacturer,421101,Maharashtra Circle,Navi Mumbai Region,Thane Division,Padgha S.O,N/A,N/A,4.5,4.0,"958W+W5, Padgha, Anhe, Maharashtra 421101",421101,19.3672732,73.1954262,ChIJP3C-Ioeb5zsRf9cY9CiaMBE,https://www.google.com/maps/place/?q=place_id:ChIJP3C-Ioeb5zsRf9cY9CiaMBE,part_136,2026-09-22 06:06:41,35574
PARSHURAM COMPLEX,Businesses,Warehouse,Warehouse,421101,Maharashtra Circle,Navi Mumbai Region,Thane Division,Padgha S.O,N/A,N/A,,,"959Q+MJ, Padgha, Maharashtra 421101",421101,19.369159,73.189088,ChIJkRehQACb5zsRM7fbRnVCWSE,https://www.google.com/maps/place/?q=place_id:ChIJkRehQACb5zsRM7fbRnVCWSE,part_136,2026-09-22 06:06:41,35575
Sundervan,Businesses,Farm,Farm,421101,Maharashtra Circle,Navi Mumbai Region,Thane Division,Padgha S.O,N/A,N/A,4.7,43.0,"959W+PH5, Khadawali, Padgha, Maharashtra 421101",421101,19.3692608,73.1964974,ChIJUa3GcD2a5zsRlqrdXjjMmbs,https://www.google.com/maps/place/?q=place_id:ChIJUa3GcD2a5zsRlqrdXjjMmbs,part_136,2026-09-22 06:06:41,35576
Zam Zam Fruit Company,Businesses,Fruits Wholesaler,Fruits Wholesaler,421101,Maharashtra Circle,Navi Mumbai Region,Thane Division,Padgha S.O,+91 74987 46442,N/A,4.6,5.0,"Shop no 03, Shah Homes - Highway, Sharda college road, opposite sai Darshan building, Sharad Nagar, Padgha, Maharashtra 421101",Sharad Nagar,19.3682876,73.17971949999999,ChIJ_2rflFOZ5zsRoNI0CFonhCY,https://www.google.com/maps/place/?q=place_id:ChIJ_2rflFOZ5zsRoNI0CFonhCY,part_136,2026-09-22 06:06:41,35577
"R K LOGISTIC PARK,",Businesses,Storage facility,Storage facility,421101,Maharashtra Circle,Navi Mumbai Region,Thane Division,Padgha S.O,N/A,N/A,4.1,57.0,"958V+F4R, Padgha, Maharashtra 421101",421101,19.3662457,73.1927524,ChIJizV2wbab5zsRlzIsHZs47nM,https://www.google.com/maps/place/?q=place_id:ChIJizV2wbab5zsRlzIsHZs47nM,part_136,2026-09-22 06:06:41,35578
Padhga,Businesses,Apartment building,Apartment building,421101,Maharashtra Circle,Navi Mumbai Region,Thane Division,Padgha S.O,N/A,N/A,,,"959J+297, Sudarshan Nagar, Padgha, Maharashtra 421101",Sudarshan Nagar,19.367539,73.1809143,ChIJZ2-hYgCZ5zsRTaTxLkS9pFA,https://www.google.com/maps/place/?q=place_id:ChIJZ2-hYgCZ5zsRTaTxLkS9pFA,part_136,2026-09-22 06:06:41,35579
Saidham MH Futurzz,Businesses,Warehouse,Warehouse,421101,Maharashtra Circle,Navi Mumbai Region,Thane Division,Padgha S.O,N/A,N/A,3.0,2.0,"959J+297, Sudarshan Nagar, Padgha, Maharashtra 421101",Sudarshan Nagar,19.367539,73.1809143,ChIJeS2kSemZ5zsRgh-w6CLff3Q,https://www.google.com/maps/place/?q=place_id:ChIJeS2kSemZ5zsRgh-w6CLff3Q,part_136,2026-09-22 06:06:41,35580
Shree Karni plywood and Hardware,Businesses,Plywood supplier,Plywood supplier,421101,Maharashtra Circle,Navi Mumbai Region,Thane Division,Padgha S.O,N/A,N/A,4.8,4.0,"959J+345, Sharad Nagar, Padgha, Maharashtra 421101",Sharad Nagar,19.3676445,73.1803661,ChIJK57KCACZ5zsRQD-rtxK93vA,https://www.google.com/maps/place/?q=place_id:ChIJK57KCACZ5zsRQD-rtxK93vA,part_136,2026-09-22 06:06:41,35581
Nilesh,Businesses,Housing society,Housing society,421101,Maharashtra Circle,Navi Mumbai Region,Thane Division,Padgha S.O,N/A,N/A,,,"958G+WXM, Agra - Mumbai Rd, Sudarshan Nagar, Padgha, Maharashtra 421101",Sudarshan Nagar,19.3695509,73.1877951,ChIJy-QtJwiZ5zsRzxTX3jTkRSQ,https://www.google.com/maps/place/?q=place_id:ChIJy-QtJwiZ5zsRzxTX3jTkRSQ,part_136,2026-09-22 06:06:41,35582
DDW,Businesses,Warehouse,Warehouse,421101,Maharashtra Circle,Navi Mumbai Region,Thane Division,Padgha S.O,N/A,N/A,5.0,1.0,"957R+6W, Padgha, Maharashtra 421101",421101,19.363056999999998,73.192331,ChIJSdeKEpeb5zsRO9r8eenkV2Q,https://www.google.com/maps/place/?q=place_id:ChIJSdeKEpeb5zsRO9r8eenkV2Q,part_136,2026-09-22 06:06:41,35583
Khalil Nachan,Businesses,Apartment building,Apartment building,421101,Maharashtra Circle,Navi Mumbai Region,Thane Division,Padgha S.O,N/A,N/A,5.0,1.0,"110, Borivali Road, Sharad Nagar, Padgha, Maharashtra 421101",Sharad Nagar,19.369313299999998,73.1895182,ChIJs0cuIgCb5zsRepZcP06yS0o,https://www.google.com/maps/place/?q=place_id:ChIJs0cuIgCb5zsRepZcP06yS0o,part_136,2026-09-22 06:06:41,35584
Maharashtra State Electricity Transmission Company Colony,Businesses,Apartment complex,Apartment complex,421101,Maharashtra Circle,Navi Mumbai Region,Thane Division,Padgha S.O,N/A,N/A,3.5,2.0,"959P+459, near National Highway 3, Padgha, Maharashtra 421101",421101,19.3677976,73.1854808,ChIJq6qq1iGa5zsRxZRC0o5JifM,https://www.google.com/maps/place/?q=place_id:ChIJq6qq1iGa5zsRxZRC0o5JifM,part_136,2026-09-22 06:06:41,35585
Shree samrath Krupa house,Businesses,Housing complex,Housing complex,421101,Maharashtra Circle,Navi Mumbai Region,Thane Division,Padgha S.O,+91 96379 96020,N/A,5.0,1.0,"954J+PCQ, Chimbipada, Bhadane, Maharashtra 421101",421101,19.356825999999998,73.181094,ChIJXekpHQCZ5zsRT474DAdIBms,https://www.google.com/maps/place/?q=place_id:ChIJXekpHQCZ5zsRT474DAdIBms,part_136,2026-09-22 06:06:41,35586
Forgex Technologies Limited,Businesses,Manufacturer,Manufacturer,421101,Maharashtra Circle,Navi Mumbai Region,Thane Division,Padgha S.O,+91 96533 24250,http://www.forgextech.in/,5.0,2.0,"toll naka, Building No B1,Unit no 1 to 7, Yuvraj logistic & commercial park Mumbai - Agra Highway, Village Arjunali, Padgha, Bhiwandi, Maharashtra 421302",421101,19.3592145,73.1682453,ChIJIZSHcgCZ5zsRd4XGFxoDwjA,https://www.google.com/maps/place/?q=place_id:ChIJIZSHcgCZ5zsRd4XGFxoDwjA,part_136,2026-09-22 06:06:42,35587
Ashar IT Park,Businesses,Business park,Business park,421101,Maharashtra Circle,Navi Mumbai Region,Thane Division,Padgha S.O,N/A,http://www.ashar.in/,4.0,9613.0,"11th Floor, B Wing, Road No. 16/Z, Neheru Nagar, Wagle Industrial Estate, Thane West, Thane, Maharashtra 400604","Neheru Nagar, Wagle Industrial Estate, Thane West",19.1988117,72.9539231,ChIJs4DKHg-55zsRdlJBAnUKJCc,https://www.google.com/maps/place/?q=place_id:ChIJs4DKHg-55zsRdlJBAnUKJCc,part_136,2026-09-22 06:06:42,35588
MT Steel Traders,Businesses,Steel distributor,Steel distributor,421101,Maharashtra Circle,Navi Mumbai Region,Thane Division,Padgha S.O,+91 88281 82813,N/A,5.0,11.0,"9567+CRP, Padgha Rd, Arjunali, Padgha, Maharashtra 421101",421101,19.3610913,73.1645771,ChIJI5OfFgCZ5zsREjIf6rsDxK0,https://www.google.com/maps/place/?q=place_id:ChIJI5OfFgCZ5zsREjIf6rsDxK0,part_136,2026-09-22 06:06:42,35589
Dakshata Global,Businesses,Wholesaler,Wholesaler,421101,Maharashtra Circle,Navi Mumbai Region,Thane Division,Padgha S.O,N/A,N/A,5.0,5.0,"Room No 106 1st Floor, Arjunali, Maharashtra 421101",421101,19.3634342,73.17426209999999,ChIJuZxp4uSZ5zsRJqzxmGtiyIs,https://www.google.com/maps/place/?q=place_id:ChIJuZxp4uSZ5zsRJqzxmGtiyIs,part_136,2026-09-22 06:06:42,35590
Thaneweb,Businesses,Media company,"Media company, Database Management Company, Internet marketing service",421101,Maharashtra Circle,Navi Mumbai Region,Thane Division,Padgha S.O,+91 99300 11453,https://www.thaneweb.com/,4.9,9.0,"Ashar Bellezza, Ashar 16, A Wing Unit no 109, Road No. 16, Wagle Estate, Thane West, Maharashtra 400604","Wagle Estate, Neheru Nagar, Wagle Industrial Estate, Thane West",19.196962199999998,72.955247,ChIJ4X7tg9645zsRh4jQeAyhuBg,https://www.google.com/maps/place/?q=place_id:ChIJ4X7tg9645zsRh4jQeAyhuBg,part_136,2026-09-22 06:06:42,35591
Avient Corporation,Businesses,Chemical Manufacturer,Chemical Manufacturer,421101,Maharashtra Circle,Navi Mumbai Region,Thane Division,Padgha S.O,+91 2522 308 901,http://www.avient.com/,4.6,,"Plot No.WB-7, Renaissance Industrial Park, Village Vashere, Post Padgha, Taluka Bhiwandi, Thane, Maharashtra 421101",421101,19.3307777,73.16350349999999,ChIJk0NAtVyX5zsRVUkPFBf0bac,https://www.google.com/maps/place/?q=place_id:ChIJk0NAtVyX5zsRVUkPFBf0bac,part_136,2026-09-22 06:06:42,35592
ARFAT GORE AND COMPANY,Businesses,Real Estate Builders & Construction Company,Real Estate Builders & Construction Company,421101,Maharashtra Circle,Navi Mumbai Region,Thane Division,Padgha S.O,N/A,N/A,,,"H.NO.875, Taloli Turf Sonale, Kalyan - Padgha Rd, Bhiwandi, Maharashtra 421101",Taloli,19.349480099999997,73.15949309999999,ChIJo8LT9uuZ5zsRw8aZ5EULHRo,https://www.google.com/maps/place/?q=place_id:ChIJo8LT9uuZ5zsRw8aZ5EULHRo,part_136,2026-09-22 06:06:42,35593
THANEONE CORPORATE BUSINESS IT PARK,Businesses,Business park,Business park,421101,Maharashtra Circle,Navi Mumbai Region,Thane Division,Padgha S.O,+91 22 6623 0888,http://www.thaneone.com/,4.3,,"6XCG+9F3, Ghodbunder Rd, Kapurbawdi, Thane West, Thane, Maharashtra 400601","Kapurbawdi, Thane West",19.220886099999998,72.97617389999999,ChIJvcGVTVu55zsRmQqnxgIRS0I,https://www.google.com/maps/place/?q=place_id:ChIJvcGVTVu55zsRmQqnxgIRS0I,part_136,2026-09-22 06:06:42,35594
Antariksh Logistics,Businesses,Warehouse,Warehouse,421101,Maharashtra Circle,Navi Mumbai Region,Thane Division,Padgha S.O,N/A,N/A,4.1,,"959P+P4J, Borivali Tarf Rahur, Maharashtra 421101",421101,19.3693342,73.1852516,ChIJmUFzlmub5zsRLmxVeos5Gso,https://www.google.com/maps/place/?q=place_id:ChIJmUFzlmub5zsRLmxVeos5Gso,part_136,2026-09-22 06:06:42,35595
RAJESH ENTERPRISES,Businesses,Manufacturer,"Manufacturer, Machine shop",421101,Maharashtra Circle,Navi Mumbai Region,Thane Division,Padgha S.O,+91 80 4580 1160,https://rajeshenterprises.in/,5.0,1.0,"T.M.C. Compound, A-5, Rd Number 32, Jai Bhavani Nagar, Wagle Industrial Estate, Thane West, Thane, Maharashtra 400604","Jai Bhavani Nagar, Wagle Industrial Estate, Thane West",19.2026817,72.9531007,ChIJgTA1EQy55zsRRuPzmE-C8Bo,https://www.google.com/maps/place/?q=place_id:ChIJgTA1EQy55zsRRuPzmE-C8Bo,part_136,2026-09-22 06:06:43,35596
Eastman Dealer - Vedika Electronic,Businesses,Battery Store,"Battery Store, Battery Wholesaler, Solar energy system service, Solar energy equipment supplier, Solar panel maintenance service",421101,Maharashtra Circle,Navi Mumbai Region,Thane Division,Padgha S.O,+91 674 674 6186,https://eastmanbattery.in/,,,"Room No 1, Chawl No 1, Ambedkar Chowk, Titwala Road, nearby Ram Mandir, Utane, Kalyan, Maharashtra 421605",421101,19.324159599999998,73.2306078,ChIJZ49m6h2R5zsRu7wkkejJeb0,https://www.google.com/maps/place/?q=place_id:ChIJZ49m6h2R5zsRu7wkkejJeb0,part_136,2026-09-22 06:06:43,35597
NB EQUIPMENT & ENGINEERING PVT LTD TARA YARD VAHULI,Businesses,Warehouse,Warehouse,421101,Maharashtra Circle,Navi Mumbai Region,Thane Division,Padgha S.O,N/A,N/A,5.0,4.0,"9523+V5, Vahuli, Maharashtra 421101",421101,19.3521301,73.1529848,ChIJOTb--0iZ5zsRrCHWsE3YShQ,https://www.google.com/maps/place/?q=place_id:ChIJOTb--0iZ5zsRrCHWsE3YShQ,part_136,2026-09-22 06:06:43,35598
Maxtron,Businesses,Electric motor vehicle dealer,"Electric motor vehicle dealer, Battery Manufacturer",421101,Maharashtra Circle,Navi Mumbai Region,Thane Division,Padgha S.O,+91 93229 47892,https://maxtronev.com/,5.0,4.0,"Pulani Motors, Ashok Leyland Service Centre, Dyna Energy Solutions LLP, Sorigin Logistics Services India Private Limited, Survey No. 95/3, NDR Warehouse, New, Vadpa, Bhiwandi, Maharashtra 421302",421101,19.3411531,73.1131602,ChIJ-8liGACZ5zsRN6NW_WJm3YE,https://www.google.com/maps/place/?q=place_id:ChIJ-8liGACZ5zsRN6NW_WJm3YE,part_136,2026-09-22 06:06:43,35599
S M Steel Ropes,Businesses,Manufacturer,Manufacturer,421101,Maharashtra Circle,Navi Mumbai Region,Thane Division,Padgha S.O,+91 98202 70934,https://www.smsteelropes.com/,5.0,5.0,"G-9, K-Square, INDUSTRIAL PARK, Padgha, BHIWANDI, Maharashtra 421101",INDUSTRIAL PARK,19.3601282,73.1555903,ChIJq6qq1r-Z5zsRzqTwUV0xOL4,https://www.google.com/maps/place/?q=place_id:ChIJq6qq1r-Z5zsRzqTwUV0xOL4,part_136,2026-09-22 06:06:43,35600
Khokha Company,Businesses,Corporate campus,Corporate campus,421102,Maharashtra Circle,Navi Mumbai Region,Thane Division,"Mohone S.O, Atali B.O, Manivali B.O",N/A,N/A,,,"7599+VMM, Ambivli, Atali, Ambivali West, Kalyan, Maharashtra 421102","Ambivli, Atali, Ambivali West",19.2697425,73.1721163,ChIJG9NfFbeW5zsRWnoZeHSswII,https://www.google.com/maps/place/?q=place_id:ChIJG9NfFbeW5zsRWnoZeHSswII,part_136,2026-09-22 06:07:19,38002
Iron Mountain India Pvt Ltd Ambivli,Businesses,Warehouse,Warehouse,421102,Maharashtra Circle,Navi Mumbai Region,Thane Division,"Mohone S.O, Atali B.O, Manivali B.O",N/A,N/A,5.0,,"75FQ+RQ, Balyani, Kalyan, Maharashtra 421102",Balyani,19.274565499999998,73.1894994,ChIJxcaCZACR5zsROsp_E_b1_H8,https://www.google.com/maps/place/?q=place_id:ChIJxcaCZACR5zsROsp_E_b1_H8,part_136,2026-09-22 06:07:19,38003
LEEenterprises,Businesses,Business management consultant,Business management consultant,421102,Maharashtra Circle,Navi Mumbai Region,Thane Division,"Mohone S.O, Atali B.O, Manivali B.O",+91 90045 70733,N/A,,,"Ambivli, Atali, Kalyan, Maharashtra 421102","Ambivli, Atali",19.269099999999998,73.1797631,ChIJuSiY8LSX5zsR-L9Sa47ph0M,https://www.google.com/maps/place/?q=place_id:ChIJuSiY8LSX5zsR-L9Sa47ph0M,part_136,2026-09-22 06:07:19,38004
भीतरी,Businesses,Housing society,Housing society,421102,Maharashtra Circle,Navi Mumbai Region,Thane Division,"Mohone S.O, Atali B.O, Manivali B.O",N/A,N/A,1.0,,"75GM+592, Ambivli, Kalyan, Maharashtra 421102",Ambivli,19.275138899999998,73.1831131,ChIJHRnUXgCR5zsRcuTnZlB8MUw,https://www.google.com/maps/place/?q=place_id:ChIJHRnUXgCR5zsRcuTnZlB8MUw,part_136,2026-09-22 06:07:19,38005
Sangharsh Gaikwad,Businesses,Housing complex,Housing complex,421102,Maharashtra Circle,Navi Mumbai Region,Thane Division,"Mohone S.O, Atali B.O, Manivali B.O",N/A,N/A,5.0,,"757M+F32, Ambivli, Kalyan, Maharashtra 421102",Ambivli,19.263607699999998,73.18257249999999,ChIJJ1O6PACR5zsRks4SxKKHT14,https://www.google.com/maps/place/?q=place_id:ChIJJ1O6PACR5zsRks4SxKKHT14,part_136,2026-09-22 06:07:19,38006
B/201 Sai sarvesh apartment vaadali Ambivali West Kalyan Maharashtra India 421102,Businesses,Apartment building,Apartment building,421102,Maharashtra Circle,Navi Mumbai Region,Thane Division,"Mohone S.O, Atali B.O, Manivali B.O",N/A,N/A,3.8,,"759C+M74, Ambivli, Atali, Ambivali West, Kalyan, Maharashtra 421102","Ambivli, Atali, Ambivali West",19.265853999999997,73.1688935,ChIJ1XH8Z7qW5zsR4izeYHMOugQ,https://www.google.com/maps/place/?q=place_id:ChIJ1XH8Z7qW5zsR4izeYHMOugQ,part_136,2026-09-22 06:07:19,38007
Sachin Dhotre,Businesses,Housing complex,Housing complex,421102,Maharashtra Circle,Navi Mumbai Region,Thane Division,"Mohone S.O, Atali B.O, Manivali B.O",+91 86572 39467,N/A,3.7,,"758J+9R5, Ambivli, Kalyan, Maharashtra 421102",Ambivli,19.2658918,73.1821186,ChIJ4UA7BwCX5zsR4yLbxzOUkHg,https://www.google.com/maps/place/?q=place_id:ChIJ4UA7BwCX5zsR4yLbxzOUkHg,part_136,2026-09-22 06:07:19,38008
TVH India (Consolidation Centre),Businesses,Wholesaler,"Wholesaler, Warehouse",421102,Maharashtra Circle,Navi Mumbai Region,Thane Division,"Mohone S.O, Atali B.O, Manivali B.O",N/A,N/A,4.5,,"Warehouse no 1A Mohane, Taluka Kalyan, Kalyan, Maharashtra 421102",421102,19.273708799999998,73.1891816,ChIJZWW5QgCR5zsRXz0JDuTJzME,https://www.google.com/maps/place/?q=place_id:ChIJZWW5QgCR5zsRXz0JDuTJzME,part_136,2026-09-22 06:07:19,38009
Shantabai Nagar Mohili,Businesses,Housing development,Housing development,421102,Maharashtra Circle,Navi Mumbai Region,Thane Division,"Mohone S.O, Atali B.O, Manivali B.O",N/A,N/A,4.3,,"Shantabai nagar mohili mohili road Galegaon mohone ambivali east pin 421102, Mohili, Maharashtra 421102",Mohili,19.2616643,73.1898308,ChIJpRXC09KR5zsR9Me80gaYCQs,https://www.google.com/maps/place/?q=place_id:ChIJpRXC09KR5zsR9Me80gaYCQs,part_136,2026-09-22 06:07:19,38010
Jiwhala House,Businesses,Housing society,Housing society,421102,Maharashtra Circle,Navi Mumbai Region,Thane Division,"Mohone S.O, Atali B.O, Manivali B.O",N/A,N/A,4.0,,"757M+JRP, Manivali, Kalyan, Maharashtra 421102",421102,19.2639285,73.18511,ChIJC4phOgCR5zsRQwC3Vw5EbBo,https://www.google.com/maps/place/?q=place_id:ChIJC4phOgCR5zsRQwC3Vw5EbBo,part_136,2026-09-22 06:07:19,38011
Lodha Supremus 2 Tower,Businesses,Business center,Business center,421102,Maharashtra Circle,Navi Mumbai Region,Thane Division,"Mohone S.O, Atali B.O, Manivali B.O",N/A,N/A,4.3,,"Sagardeep apartment, Bhatwadi, Wagle Industrial Estate, Thane West, Thane, Maharashtra 400604","Bhatwadi, Wagle Industrial Estate, Thane West",19.1980182,72.9474803,ChIJyxJaSgi55zsRseUwsFflJSs,https://www.google.com/maps/place/?q=place_id:ChIJyxJaSgi55zsRseUwsFflJSs,part_136,2026-09-22 06:07:19,38012
Tridentra Consulting (OPC) Private Limited,Businesses,Business management consultant,Business management consultant,421102,Maharashtra Circle,Navi Mumbai Region,Thane Division,"Mohone S.O, Atali B.O, Manivali B.O",+91 77188 35655,https://tridentra.in/,5.0,6.0,"B-1, Jain Building, Opposite Jain Temple , Near SBI Bank, Mohone, Ambivili, Kalyan, Maharashtra 421102","Ambivli, Atali, NRC Colony",19.264836499999998,73.173294,ChIJaxXEcOeEbKoRNlD7BSbtDr0,https://www.google.com/maps/place/?q=place_id:ChIJaxXEcOeEbKoRNlD7BSbtDr0,part_136,2026-09-22 06:07:19,38013
Reyank Technology Pvt. LTD,Businesses,Software company,"Software company, Corporate office, Website designer",421102,Maharashtra Circle,Navi Mumbai Region,Thane Division,"Mohone S.O, Atali B.O, Manivali B.O",+91 85858 54488,https://reyank.com/,4.8,197.0,"Office 102, Survey No.38, Hissan 3, Mohane Rd, near Hariya College, Dhakate Shahad, Shahad, Kalyan Ulhasnagar, Maharashtra Kalyan West, Dist, Shahad, Maharashtra 421103","Dhakate Shahad, Shahad",19.2513161,73.1594269,ChIJH1hA_oOW5zsR8Mt_2MC_51o,https://www.google.com/maps/place/?q=place_id:ChIJH1hA_oOW5zsR8Mt_2MC_51o,part_136,2026-09-22 06:07:19,38014
Shivanya Enterprise's,Businesses,Computer support and services,"Computer support and services, Internet cafe",421102,Maharashtra Circle,Navi Mumbai Region,Thane Division,"Mohone S.O, Atali B.O, Manivali B.O",+91 99209 14303,https://shivanyaenterprises.netlify.app/,5.0,25.0,"Shop Number 1, Irani Nagar, Station Road, Ambivli, Atali, Ambivali West, Kalyan, Maharashtra 421102","Ambivli, Atali, Ambivali West",19.269049,73.1724776,ChIJ60SLU4GX5zsRRqGx-WTreg8,https://www.google.com/maps/place/?q=place_id:ChIJ60SLU4GX5zsRRqGx-WTreg8,part_136,2026-09-22 06:07:19,38015
WiseCypher LLP,Businesses,Software company,Software company,421102,Maharashtra Circle,Navi Mumbai Region,Thane Division,"Mohone S.O, Atali B.O, Manivali B.O",N/A,https://www.wisecypher.com/,5.0,1.0,"Faiyaz Complex, Sahara Nagar, Balyani, Kalyan, Maharashtra 421102",Balyani,19.2789778,73.1930529,ChIJIxbKDSWR5zsRX2QzhUifesk,https://www.google.com/maps/place/?q=place_id:ChIJIxbKDSWR5zsRX2QzhUifesk,part_136,2026-09-22 06:07:20,38016
Digital world electronics,Businesses,Electronics Company,Electronics Company,421102,Maharashtra Circle,Navi Mumbai Region,Thane Division,"Mohone S.O, Atali B.O, Manivali B.O",+91 86699 33539,N/A,5.0,3.0,"Ubharni road, Titvala, Kalyan, Maharashtra 421102",Titvala,19.2765445,73.1978144,ChIJvxFBGcKR5zsRkR84HlJtXCI,https://www.google.com/maps/place/?q=place_id:ChIJvxFBGcKR5zsRkR84HlJtXCI,part_136,2026-09-22 06:07:20,38017
JV Enterprises,Businesses,Housing development,"Housing development, Business to business service",421102,Maharashtra Circle,Navi Mumbai Region,Thane Division,"Mohone S.O, Atali B.O, Manivali B.O",+91 97026 85666,N/A,3.1,7.0,"Ss Gupta Developers ,Gupta colony,Balyani chowk, Titvala, Maharashtra 421102",Titvala,19.2759869,73.2001035,ChIJHbw_rUCR5zsRgYyxLo5Teys,https://www.google.com/maps/place/?q=place_id:ChIJHbw_rUCR5zsRgYyxLo5Teys,part_136,2026-09-22 06:07:20,38018
Fitzer Instrumts Company India,Businesses,Measuring instruments supplier,Measuring instruments supplier,421102,Maharashtra Circle,Navi Mumbai Region,Thane Division,"Mohone S.O, Atali B.O, Manivali B.O",+91 80 4730 7484,http://fitzerinstrumentsindia.com/,5.0,1.0,"759C+VCV, Atali, Near Ambivali Station West, P. O. Mohone, District Thane, Ambivali West, Kalyan, Maharashtra 421102","Ambivli, Atali, Ambivali West",19.2697318,73.17104479999999,ChIJ54kcU7CW5zsRkgNcoFYEmzA,https://www.google.com/maps/place/?q=place_id:ChIJ54kcU7CW5zsRkgNcoFYEmzA,part_136,2026-09-22 06:07:20,38019
BHAGWANDAS ENTERPRISES,Businesses,Business to business service,Business to business service,421102,Maharashtra Circle,Navi Mumbai Region,Thane Division,"Mohone S.O, Atali B.O, Manivali B.O",+91 99676 46577,N/A,,,"Shop No 176/L, Shivaji chowk, Ambivli, Atali, NRC Colony, Kalyan, Maharashtra 421102","Ambivli, Atali, NRC Colony",19.2631442,73.1732509,ChIJiWsMEJSX5zsRByqtnJDjJ_8,https://www.google.com/maps/place/?q=place_id:ChIJiWsMEJSX5zsRByqtnJDjJ_8,part_136,2026-09-22 06:07:20,38020
Siddhivinayak Traders,Businesses,Wholesaler,Wholesaler,421102,Maharashtra Circle,Navi Mumbai Region,Thane Division,"Mohone S.O, Atali B.O, Manivali B.O",+91 93720 44076,N/A,5.0,,"Manorama Nager, Kolshet Rd, near Shakar Mandir, Manorama Nagar, Thane West, Thane, Maharashtra 400607","Manorama Nagar, Thane West",19.2345419,72.98143879999999,ChIJH1RJ8jG75zsRbRzsVc1DwyI,https://www.google.com/maps/place/?q=place_id:ChIJH1RJ8jG75zsRbRzsVc1DwyI,part_136,2026-09-22 06:07:20,38021
Mateshwari Enterprises,Businesses,Moving supply store,"Moving supply store, Rainwater tank supplier",421102,Maharashtra Circle,Navi Mumbai Region,Thane Division,"Mohone S.O, Atali B.O, Manivali B.O",+91 96652 92951,N/A,5.0,,"Shop Number 12, Madhuban Society Baneli, Titwala - Mohone Rd, East, Kalyan, Maharashtra 421605","Titvala, East",19.289683399999998,73.20205949999999,ChIJt4rcp-2R5zsRANoDzXz7JJM,https://www.google.com/maps/place/?q=place_id:ChIJt4rcp-2R5zsRANoDzXz7JJM,part_136,2026-09-22 06:07:20,38022
Actify Business,Businesses,Software company,"Software company, Automation company, Graphic designer, Marketing agency, Recruiter",421103,Maharashtra Circle,Navi Mumbai Region,Thane Division,"Shahad S.O, Mamnoli B.O, Rayate B.O",+91 99872 97200,https://www.actifyzone.com/business,5.0,,"Guruprerana Building, 3rd, opp. Jagdish Book Depot, above Choice Interiors, Naik Wadi, Naupada, Thane West, Thane, Maharashtra 400602","Naik Wadi, Naupada, Thane West",19.1884948,72.9757444,ChIJYXGgmYy55zsRXFMbqPffiUQ,https://www.google.com/maps/place/?q=place_id:ChIJYXGgmYy55zsRXFMbqPffiUQ,part_136,2026-09-22 06:07:54,39532
Nitin Company,Businesses,Foundry,Foundry,421103,Maharashtra Circle,Navi Mumbai Region,Thane Division,"Shahad S.O, Mamnoli B.O, Rayate B.O",N/A,N/A,4.0,,"Near Korum Mall, Thane West, Thane, Maharashtra 400601","Ganeshwadi, Thane West",19.199019699999997,72.9653898,ChIJ____EBS55zsRzA3NlSIOZjM,https://www.google.com/maps/place/?q=place_id:ChIJ____EBS55zsRzA3NlSIOZjM,part_136,2026-09-22 06:07:54,39533
ALKAVIM AGRO PRIVATE LIMITED,Businesses,Agricultural production,Agricultural production,421103,Maharashtra Circle,Navi Mumbai Region,Thane Division,"Shahad S.O, Mamnoli B.O, Rayate B.O",+91 77000 67266,N/A,4.5,,"Dhakate Shahad, Shahad, Kalyan, Maharashtra 421103","Dhakate Shahad, Shahad",19.2498442,73.1593022,ChIJl4XxOS2X5zsRS54McXY8NqM,https://www.google.com/maps/place/?q=place_id:ChIJl4XxOS2X5zsRS54McXY8NqM,part_136,2026-09-22 06:07:54,39534
Pranavi trading company,Businesses,Construction Material Wholesaler,Construction Material Wholesaler,421103,Maharashtra Circle,Navi Mumbai Region,Thane Division,"Shahad S.O, Mamnoli B.O, Rayate B.O",N/A,N/A,,,"kamla nehru nagar dhobighat, near Datt mandir, Ulhasnagar, Maharashtra 421103","Century Rayon Colony, Shahad",19.244041199999998,73.1701508,ChIJmQDiEQKV5zsRYZ0lkb-mWDo,https://www.google.com/maps/place/?q=place_id:ChIJmQDiEQKV5zsRYZ0lkb-mWDo,part_136,2026-09-22 06:07:54,39535
Umiya Trading,Businesses,Manufacturer,Manufacturer,421103,Maharashtra Circle,Navi Mumbai Region,Thane Division,"Shahad S.O, Mamnoli B.O, Rayate B.O",+91 99208 82233,N/A,5.0,,"65X5+93J, Shahad Gaon Rd, Dhakate Shahad, Shahad, Kalyan, Maharashtra 421103","Dhakate Shahad, Shahad",19.248462099999998,73.1576297,ChIJtcX6uUuV5zsR2EqWvTKoi-Q,https://www.google.com/maps/place/?q=place_id:ChIJtcX6uUuV5zsR2EqWvTKoi-Q,part_136,2026-09-22 06:07:54,39536
Manisha Enterprises,Businesses,Household goods wholesaler,Household goods wholesaler,421103,Maharashtra Circle,Navi Mumbai Region,Thane Division,"Shahad S.O, Mamnoli B.O, Rayate B.O",+91 98982 52584,N/A,5.0,,"11, Devdarshan Co.Op.Hsg.Soc.,Opp Aabha 24 Super Mart Mohone Road, West, Shahad, Kalyan, Maharashtra 421103",Shahad,19.2460514,73.15797409999999,ChIJ_9ysXiiV5zsRQIbWMatVvlk,https://www.google.com/maps/place/?q=place_id:ChIJ_9ysXiiV5zsRQIbWMatVvlk,part_136,2026-09-22 06:07:54,39537
Oriana Business Park,Businesses,Business park,Business park,421103,Maharashtra Circle,Navi Mumbai Region,Thane Division,"Shahad S.O, Mamnoli B.O, Rayate B.O",+91 70217 96863,N/A,4.3,,"5WWX+VRF, Road No. 22, Neheru Nagar, Wagle Industrial Estate, Thane West, Thane, Maharashtra 400604","Neheru Nagar, Wagle Industrial Estate, Thane West",19.1971836,72.94954609999999,ChIJLaQDjAi55zsRg9PncdFbpcU,https://www.google.com/maps/place/?q=place_id:ChIJLaQDjAi55zsRg9PncdFbpcU,part_136,2026-09-22 06:07:54,39538
SMART Nivesh Financial Services - Mutual Funds & Wealth Management | Lalit Gangwar,Businesses,Investment service,"Investment service, Financial planner, Health insurance agency, Insurance agency, Financial consultant, Life insurance agency, Tax consultant",421103,Maharashtra Circle,Navi Mumbai Region,Thane Division,"Shahad S.O, Mamnoli B.O, Rayate B.O",+91 99306 82451,http://www.smartnivesh.in/,5.0,,"Unit no. 5, Vrindavan Residency, B Wing, Yogi Dham Rd, next to Sirvee NX Medical Store, Gauripada, Kalyan, West, Maharashtra 421301",Gauripada,19.2515118,73.1531083,ChIJlfEqzvOX5zsR2cyahPCTex8,https://www.google.com/maps/place/?q=place_id:ChIJlfEqzvOX5zsR2cyahPCTex8,part_136,2026-09-22 06:07:55,39539
Mentogram College,Businesses,Software company,"Software company, Educational institution, Service establishment",421103,Maharashtra Circle,Navi Mumbai Region,Thane Division,"Shahad S.O, Mamnoli B.O, Rayate B.O",+91 70600 69960,https://mentogram.com/,4.9,,"Mentogram College, 421103, India",421103,37.610319,-179.3878585,ChIJI5rvpGyX5zsRAyIK0PiC4OU,https://www.google.com/maps/place/?q=place_id:ChIJI5rvpGyX5zsRAyIK0PiC4OU,part_136,2026-09-22 06:07:55,39540
Ridhaan Computers & CCTV Services,Businesses,Computer Hardware Company,Computer Hardware Company,421103,Maharashtra Circle,Navi Mumbai Region,Thane Division,"Shahad S.O, Mamnoli B.O, Rayate B.O",+91 90828 65696,N/A,5.0,,"Shop no 06, Omkar Complex, Shahad Station Rd, near UCO bank, Shahad, Kalyan, Maharashtra 421103",Shahad,19.2426402,73.1561061,ChIJ4dEIFOmV5zsRj5OisPr8NOk,https://www.google.com/maps/place/?q=place_id:ChIJ4dEIFOmV5zsRj5OisPr8NOk,part_136,2026-09-22 06:07:55,39541
Global-Hunt,Businesses,Marketing consultant,Marketing consultant,421103,Maharashtra Circle,Navi Mumbai Region,Thane Division,"Shahad S.O, Mamnoli B.O, Rayate B.O",+91 97681 15911,https://www.global-hunt.com/,,,"Murbad road, C-401, Nav Ambika nagar, Shahad Brg, W, Shahad, Kalyan, Maharashtra 421103","W, Shahad",19.2427364,73.15300859999999,ChIJH8f4SuOV5zsRY9BLIAMjCtY,https://www.google.com/maps/place/?q=place_id:ChIJH8f4SuOV5zsRY9BLIAMjCtY,part_136,2026-09-22 06:07:55,39542
Pace Business Machines Pvt. Ltd.,Businesses,Corporate office,Corporate office,421103,Maharashtra Circle,Navi Mumbai Region,Thane Division,"Shahad S.O, Mamnoli B.O, Rayate B.O",N/A,https://www.pbmpl.com/,,,"Apt G-11, Camps Corner, S-14, Shahad, Kalyan, Maharashtra 421103",Shahad,19.2433725,73.1564375,ChIJu4QnUQCV5zsRE2zzLLsGZBM,https://www.google.com/maps/place/?q=place_id:ChIJu4QnUQCV5zsRE2zzLLsGZBM,part_136,2026-09-22 06:07:55,39543
Urminath business process of outsourcing PVT. LTD,Businesses,BPO Company,"BPO Company, Service establishment",421103,Maharashtra Circle,Navi Mumbai Region,Thane Division,"Shahad S.O, Mamnoli B.O, Rayate B.O",+91 90227 69802,https://urminath.com/,5.0,,"Urminath business process of outsourcing PVT. LTD, 421103, India",421103,19.2270477,73.1475494,ChIJr5I0DW_gbUwR5V5oGk_hoxY,https://www.google.com/maps/place/?q=place_id:ChIJr5I0DW_gbUwR5V5oGk_hoxY,part_136,2026-09-22 06:07:55,39544
Mangeshi Paradise,Businesses,Apartment complex,Apartment complex,421103,Maharashtra Circle,Navi Mumbai Region,Thane Division,"Shahad S.O, Mamnoli B.O, Rayate B.O",N/A,N/A,3.9,,"Mangeshi Paradise, Mohane Rd, near Haria College, west, Shahad, Kalyan, Maharashtra 421103","Dhakate Shahad, west, Shahad",19.249689,73.1582998,ChIJo0YXB6CW5zsROMVEfyDuvC0,https://www.google.com/maps/place/?q=place_id:ChIJo0YXB6CW5zsROMVEfyDuvC0,part_136,2026-09-22 06:07:55,39545
Lazytech Infotech Solutions,Businesses,Software company,Software company,421201,Maharashtra circle,Navi Mumbai Region,Thane Division,"Thakurli B.O, Tilaknagar S.O (Thane), Dombivali S.O",+91 80971 00028,http://www.lazytech.in/,3.7,6.0,"Office no 208, indira Tower, Manpada Rd, Dombivli, Dattanagar, Dombivli East, Kalyan, Maharashtra 421201","Dombivli, Dattanagar, Dombivli East",19.2127363,73.0917879,ChIJB4RkDbuV5zsRi2Qy3BXQ37k,https://www.google.com/maps/place/?q=place_id:ChIJB4RkDbuV5zsRi2Qy3BXQ37k,part_136,2026-09-22 06:08:32,43638
Shah Trading Company,Businesses,Wholesaler,Wholesaler,421201,Maharashtra circle,Navi Mumbai Region,Thane Division,"Thakurli B.O, Tilaknagar S.O (Thane), Dombivali S.O",+91 91369 61899,N/A,,,"Hemangi palace, A18, St 2, Dombivli, Pandurangwadi, Dombivli East, Mumbai, Kalyan, Maharashtra 421201","Dombivli, Pandurangwadi, Dombivli East",19.2099348,73.0914574,ChIJ0Qc4YjiV5zsRo1FU8UbwnTs,https://www.google.com/maps/place/?q=place_id:ChIJ0Qc4YjiV5zsRo1FU8UbwnTs,part_136,2026-09-22 06:08:32,43639
Shree SAIRAM CO.OP. SOCIETY DOMBIWALI EST,Businesses,Home builder,Home builder,421201,Maharashtra circle,Navi Mumbai Region,Thane Division,"Thakurli B.O, Tilaknagar S.O (Thane), Dombivali S.O",N/A,N/A,4.5,8.0,"636R+W63, Dombivli, Dattanagar, Dombivli East, Kalyan, Maharashtra 421201","Dombivli, Dattanagar, Dombivli East",19.2122663,73.090548,ChIJq1EBqYmV5zsRbo0nqbYfzcM,https://www.google.com/maps/place/?q=place_id:ChIJq1EBqYmV5zsRbo0nqbYfzcM,part_136,2026-09-22 06:08:32,43640
Accurate IT Solutions,Businesses,Corporate office,Corporate office,421201,Maharashtra circle,Navi Mumbai Region,Thane Division,"Thakurli B.O, Tilaknagar S.O (Thane), Dombivali S.O",+91 90282 98829,http://accurates.in/,1.0,1.0,"86, Second Floor, Fateh, P.P. Chambers, Mohammed Ali Road, Dombivli, Sangeeta Wadi, Dombivli East, Mumbai, Kalyan, Maharashtra 421201","Dombivli, Sangeeta Wadi, Dombivli East",19.2116641,73.0907003,ChIJAQAAAImV5zsR2F0CzpRnitc,https://www.google.com/maps/place/?q=place_id:ChIJAQAAAImV5zsR2F0CzpRnitc,part_136,2026-09-22 06:08:32,43641
Swami Shankaranand Business Center,Businesses,Corporate office,Corporate office,421201,Maharashtra circle,Navi Mumbai Region,Thane Division,"Thakurli B.O, Tilaknagar S.O (Thane), Dombivali S.O",N/A,N/A,,,"637Q+5J6, DNC Rd, Dombivli, Dattanagar, Dombivli East, Kalyan, Maharashtra 421201","Dombivli, Dattanagar, Dombivli East",19.2129188,73.0891764,ChIJpY2vTQCV5zsRdigvJHD-yYQ,https://www.google.com/maps/place/?q=place_id:ChIJpY2vTQCV5zsRdigvJHD-yYQ,part_136,2026-09-22 06:08:32,43642
110/B Pravin gaikwad,Businesses,Housing society,Housing society,421201,Maharashtra circle,Navi Mumbai Region,Thane Division,"Thakurli B.O, Tilaknagar S.O (Thane), Dombivali S.O",N/A,N/A,5.0,1.0,"636R+M7G, Dombivli, Sangeeta Wadi, Dombivli East, Kalyan, Maharashtra 421201","Dombivli, Sangeeta Wadi, Dombivli East",19.2116805,73.0907,ChIJ33jyBiGV5zsRRgSqeoldSdE,https://www.google.com/maps/place/?q=place_id:ChIJ33jyBiGV5zsRRgSqeoldSdE,part_136,2026-09-22 06:08:32,43643
GP DESIGN SOLUTIONS,Businesses,Oil & natural gas company,Oil & natural gas company,421201,Maharashtra circle,Navi Mumbai Region,Thane Division,"Thakurli B.O, Tilaknagar S.O (Thane), Dombivali S.O",N/A,N/A,,,"FLAT NO 501 5 FLOOR, LAXMAN HEIGHT, Dombivli, Sangeeta Wadi, KOPAR WEST, Thane, Kalyan, Maharashtra 421201","Dombivli, Sangeeta Wadi, KOPAR WEST",19.2116805,73.0907,ChIJGZ1mCayV5zsRXSAfyRZjfZg,https://www.google.com/maps/place/?q=place_id:ChIJGZ1mCayV5zsRXSAfyRZjfZg,part_136,2026-09-22 06:08:32,43644
Goya Shopping,Businesses,Accounting firm,"Accounting firm, Accountant, Financial audit, Financial consultant, Insurance agency, Loan agency, Registration office, Tax collector's office, Tax consultant, Tax preparation service",421201,Maharashtra circle,Navi Mumbai Region,Thane Division,"Thakurli B.O, Tilaknagar S.O (Thane), Dombivali S.O",+91 86555 22901,https://www.dhanvijay.com/,5.0,3.0,"401, Suman Heights, opp. Lodha Heritage Garden, Dombivli, Sangeeta Wadi, Dombivli East, Mumbai, Kalyan, Maharashtra 421201","Dombivli, Sangeeta Wadi, Dombivli East",19.211672099999998,73.09070009999999,ChIJVVVVldW_5zsRmT6RNStcFpM,https://www.google.com/maps/place/?q=place_id:ChIJVVVVldW_5zsRmT6RNStcFpM,part_136,2026-09-22 06:08:32,43645
Shrivaidh Interio and Exterio,Businesses,Manufacturer,Manufacturer,421201,Maharashtra circle,Navi Mumbai Region,Thane Division,"Thakurli B.O, Tilaknagar S.O (Thane), Dombivali S.O",+91 80 3730 5087,http://shrivaidhinterior.com/,,,"Shop No. 8, oppo, Balaji indrayni Yashraj complex, near Manjunath College, Dombivli, Sangeeta Wadi, Dombivli East, Kalyan, Maharashtra 421201","Dombivli, Sangeeta Wadi, Dombivli East",19.2116805,73.0907,ChIJAQAAAImV5zsRRnC1aMtq0Po,https://www.google.com/maps/place/?q=place_id:ChIJAQAAAImV5zsRRnC1aMtq0Po,part_136,2026-09-22 06:08:32,43646
Smilen Pharmaceuticals Private Limiited,Businesses,Pharmaceutical company,Pharmaceutical company,421201,Maharashtra circle,Navi Mumbai Region,Thane Division,"Thakurli B.O, Tilaknagar S.O (Thane), Dombivali S.O",N/A,N/A,4.5,10.0,"Dombivli, Sangeeta Wadi, Dombivli East, Mumbai, Kalyan, Maharashtra 421201","Dombivli, Sangeeta Wadi, Dombivli East",19.2116805,73.0907,ChIJhTaFOeuV5zsRQ0nJo6pCFEc,https://www.google.com/maps/place/?q=place_id:ChIJhTaFOeuV5zsRQ0nJo6pCFEc,part_136,2026-09-22 06:08:32,43647
Greyspire Innovation India Pvt. Ltd.,Businesses,Software company,"Software company, Engineering consultant",421201,Maharashtra circle,Navi Mumbai Region,Thane Division,"Thakurli B.O, Tilaknagar S.O (Thane), Dombivali S.O",+91 97691 17843,http://www.greyspire.in/,,,"Gaondevi Darshan, Ch 1/4, Dombivli, Kamani, Sangeeta Wadi, Dombivli East, Kalyan, Maharashtra 421201","Dombivli, Kamani, Sangeeta Wadi, Dombivli East",19.2116805,73.0907,ChIJAQAAAImV5zsRt-mMAv1FFB0,https://www.google.com/maps/place/?q=place_id:ChIJAQAAAImV5zsRt-mMAv1FFB0,part_136,2026-09-22 06:08:32,43648
Navkar Estate Agency,Businesses,Real estate consultant,"Real estate consultant, Real estate agent",421201,Maharashtra circle,Navi Mumbai Region,Thane Division,"Thakurli B.O, Tilaknagar S.O (Thane), Dombivali S.O",+91 99211 27979,https://www.youtube.com/channel/UClj912_JYdkgHzI_cKVsrLw,5.0,6.0,"Shop No. 1, Muktai Bilding Hanuman Society, opp. DNC Ground, Dombivli East, Maharashtra 421201","Dombivli, Sangeeta Wadi, Dombivli East",19.211664,73.0906981,ChIJASZIc2KV5zsRpY9aseyjF54,https://www.google.com/maps/place/?q=place_id:ChIJASZIc2KV5zsRpY9aseyjF54,part_136,2026-09-22 06:08:32,43649
Onkar E-Learnings & Solutions Pvt Ltd.,Businesses,Software company,Software company,421201,Maharashtra circle,Navi Mumbai Region,Thane Division,"Thakurli B.O, Tilaknagar S.O (Thane), Dombivali S.O",+91 89765 70357,http://www.oels.co.in/,4.2,21.0,"11, Ground Floor, Omkar Swarup Society, Shahid Bhagat Singh Rd, opposite Union Bank, Dombivli, Krishna Radha Society, Dombivli East, Kalyan, Maharashtra 421201","Dombivli, Krishna Radha Society, Dombivli East",19.2162585,73.0912063,ChIJ4XqytYuV5zsRb10JA9i4J-o,https://www.google.com/maps/place/?q=place_id:ChIJ4XqytYuV5zsRb10JA9i4J-o,part_136,2026-09-22 06:08:33,43650
Business Analyst Training Institute,Businesses,Training center,"Training center, Software Training Institute",421201,Maharashtra circle,Navi Mumbai Region,Thane Division,"Thakurli B.O, Tilaknagar S.O (Thane), Dombivali S.O",+91 99677 19515,https://baclassroom.com/,4.8,209.0,"03 Nav Ashutosh Chs 1, Tilak, Chowk, Gopal Nagar Road, Dombivli, Dombivli East, Maharashtra 421201","Dombivli, Tilak Nagar, Dombivli East",19.2154178,73.0949645,ChIJ8YvhGIyV5zsRVPyfgmXJOtM,https://www.google.com/maps/place/?q=place_id:ChIJ8YvhGIyV5zsRVPyfgmXJOtM,part_136,2026-09-22 06:08:33,43651
Vighnesh Dixit Capital Growth,Businesses,Investment service,"Investment service, Insurance agency",421201,Maharashtra circle,Navi Mumbai Region,Thane Division,"Thakurli B.O, Tilaknagar S.O (Thane), Dombivali S.O",+91 97027 59840,https://www.vighneshdixit.com/,5.0,90.0,"Shop 10, Arihant CHS, New, Manpada Rd, opposite to Bank of Baroda, near Icon Hospital, Dombivli, SBI Colony, Dombivli East, Kalyan, Maharashtra 421201","Dombivli, SBI Colony, Dombivli East",19.2084214,73.0940218,ChIJKXUETZiV5zsRn_2yxi2IHyw,https://www.google.com/maps/place/?q=place_id:ChIJKXUETZiV5zsRn_2yxi2IHyw,part_136,2026-09-22 06:08:33,43652
"ICFAI Business School (IBS), Information Office, DOMBIVLI (E)",Businesses,Business school,"Business school, University",421201,Maharashtra circle,Navi Mumbai Region,Thane Division,"Thakurli B.O, Tilaknagar S.O (Thane), Dombivali S.O",+91 86558 94298,http://www.ibsindia.org/,4.9,,"CHS 2nd Floor, Office, Anandi Anand, 09, Phadke Rd, Dombivli, Maharashtra 421201","Dombivli, Dombivli East",19.2199675,73.0910919,ChIJjR1KCIO_5zsRtNh7qCXQkPw,https://www.google.com/maps/place/?q=place_id:ChIJjR1KCIO_5zsRtNh7qCXQkPw,part_136,2026-09-22 06:08:34,43653
Bhagwati Business Park,Businesses,Corporate office,Corporate office,421201,Maharashtra circle,Navi Mumbai Region,Thane Division,"Thakurli B.O, Tilaknagar S.O (Thane), Dombivali S.O",+91 98678 12904,N/A,,,"Railway Station, Nehru Rd, opp. Dombivli, Dombivli, Pendse Nagar, Dombivli East, Kalyan, Maharashtra 421201","Dombivli, Pendse Nagar, Dombivli East",19.221369,73.09181219999999,ChIJu4y9-AiV5zsRfsDqmzUOEKY,https://www.google.com/maps/place/?q=place_id:ChIJu4y9-AiV5zsRfsDqmzUOEKY,part_136,2026-09-22 06:08:34,43654
SHREE LINGESHWAR BUSINESS SOLUTIONS,Businesses,Businesses,Businesses,421201,Maharashtra circle,Navi Mumbai Region,Thane Division,"Thakurli B.O, Tilaknagar S.O (Thane), Dombivali S.O",N/A,N/A,,,"Gala No. 001, Sumitra Sadan, Kalyan Road, Midc Colony, Dombivali-421201, Maharashtra 421203","Dombivli, Sagarli Gaon, Dombivli East",19.211110899999998,73.1010356,ChIJsWzLapCV5zsRkHdrVVkTYK4,https://www.google.com/maps/place/?q=place_id:ChIJsWzLapCV5zsRkHdrVVkTYK4,part_136,2026-09-22 06:08:34,43655
Vihaara Business Bay,Businesses,Real estate developer,"Real estate developer, Corporate office",421201,Maharashtra circle,Navi Mumbai Region,Thane Division,"Thakurli B.O, Tilaknagar S.O (Thane), Dombivali S.O",N/A,https://www.vihaara.org/,,,"w-69, 2, opp. Aurindam Hospital, near DNS bank, Phase II, MIDC, Dombivli East, Kalyan, Maharashtra 421201","Phase II, MIDC, Dombivli East",19.2023702,73.099869,ChIJWUvNUwCV5zsRMmGXQgDM5-o,https://www.google.com/maps/place/?q=place_id:ChIJWUvNUwCV5zsRMmGXQgDM5-o,part_136,2026-09-22 06:08:34,43656
Samsung Experience Store Dombivali East,Businesses,Cell phone store,"Cell phone store, Cell phone accessory store, Electronics store, Mobile phone repair shop, Phone repair service",421201,Maharashtra circle,Navi Mumbai Region,Thane Division,"Thakurli B.O, Tilaknagar S.O (Thane), Dombivali S.O",+91 91671 72807,https://www.samsungexclusivestores.in/samsung-experience-store-dombivali-east-mobile-phone-shop-dombivali-east-thane-147037/Home,4.4,,"SN G12, Sonal Business Park, PN RP137, near Reliance Digital, Dombivli East, Maharashtra 421201","Dombivli, Trimurti Nagar, Dombivli East",19.2147935,73.10199879999999,ChIJQ4b2qnGV5zsReJHE8ZtSOHI,https://www.google.com/maps/place/?q=place_id:ChIJQ4b2qnGV5zsReJHE8ZtSOHI,part_136,2026-09-22 06:08:34,43657
Kohinoor Televideo - Appliance Store in Dombivli East,Businesses,Appliance store,"Appliance store, Appliance repair service, Electrical appliance wholesaler, Electronics Company, Electronics store, Electronics wholesaler, Wholesaler household appliances",421201,Maharashtra circle,Navi Mumbai Region,Thane Division,"Thakurli B.O, Tilaknagar S.O (Thane), Dombivali S.O",+91 96191 62010,https://www.kohinoorvideovision.in/9619162010,4.0,,"Pandurangwadi, Gograswadi, Dombivli East, Kalyan, Maharashtra 421201","Pandurangwadi, Gograswadi, Dombivli East",19.2118207,73.09288219999999,ChIJWYnyJ4mV5zsRxXUD27LKC_o,https://www.google.com/maps/place/?q=place_id:ChIJWYnyJ4mV5zsRxXUD27LKC_o,part_136,2026-09-22 06:08:34,43658
Eastman Dealer,Businesses,Battery Store,"Battery Store, Battery Wholesaler, Solar energy system service, Solar energy equipment supplier",421201,Maharashtra circle,Navi Mumbai Region,Thane Division,"Thakurli B.O, Tilaknagar S.O (Thane), Dombivali S.O",+91 731 450 1635,https://eastman-dealers.eaplworld.com/near-me/thane/Dombivli/eastman-dealer-mega-power-syestem-in-Dombivli-thane--77XOyS/home,5.0,3.0,"Mega Power Syestem, No 6, Saidham Society, Vishnu Nagar, Kopar Rd, Shastri Nagar, Dombivli, Maharashtra 421202","Dombivli, Shastri Nagar, Dombivli West",19.2169818,73.0828008,ChIJveae0Oi_5zsRzyYmm_qvq_Y,https://www.google.com/maps/place/?q=place_id:ChIJveae0Oi_5zsRzyYmm_qvq_Y,part_136,2026-09-22 06:08:34,43659
"Water Purifier Dealer, Metkar & Co",Businesses,Water purification company,Water purification company,421201,Maharashtra circle,Navi Mumbai Region,Thane Division,"Thakurli B.O, Tilaknagar S.O (Thane), Dombivali S.O",N/A,N/A,3.6,55.0,"Shop No. 4, Malini CHS, Manpada Rd, behind Pandurang Vidyalaya Pandurangwadi, Dombivli, Sunflower Co-op housing society, Dombivli East, Kalyan, Maharashtra 421201","Dombivli, Sunflower Co-op housing society, Dombivli East",19.218141499999998,73.09639709999999,ChIJV0UE9Z6V5zsR48VVGZA0wQc,https://www.google.com/maps/place/?q=place_id:ChIJV0UE9Z6V5zsR48VVGZA0wQc,part_136,2026-09-22 06:08:34,43660
KALA JAIN ENTERPRISES,Businesses,Supplier,Supplier,421201,Maharashtra circle,Navi Mumbai Region,Thane Division,"Thakurli B.O, Tilaknagar S.O (Thane), Dombivali S.O",+91 77385 08767,https://kala-jain-enterprises.grexa.site/,4.6,5.0,"Sonal Palace, A-103, Phadke Rd, Dombivli, Dombivli East, Kalyan, Maharashtra 421201","Dombivli, Dombivli East",19.2191208,73.0901086,ChIJ37m4gMSV5zsRVILqiSEZK1k,https://www.google.com/maps/place/?q=place_id:ChIJ37m4gMSV5zsRVILqiSEZK1k,part_136,2026-09-22 06:08:34,43661
Eastman Dealer,Businesses,Battery Store,"Battery Store, Battery Wholesaler, Solar energy system service, Solar energy equipment supplier",421201,Maharashtra circle,Navi Mumbai Region,Thane Division,"Thakurli B.O, Tilaknagar S.O (Thane), Dombivali S.O",+91 98203 10549,https://eastmanbattery.in/,,,"Shop No 10, Bhale Rao Building, Shree Renuka Sales And Services, Mahatma Phule Rd, nearby Syndicate Bank, Dombivli, Vishnu Nagar, Mumbai, Maharashtra 421202","Dombivli, Vishnu Nagar, Dombivli West",19.2208416,73.0870652,ChIJLViK1YK_5zsRLX56l6egfho,https://www.google.com/maps/place/?q=place_id:ChIJLViK1YK_5zsRLX56l6egfho,part_136,2026-09-22 06:08:34,43662
SIBA Electricals & Networking,Businesses,Business networking company,Business networking company,421202,Maharashtra Circle,Navi Mumbai Region,Thane Division,Vishnunagar S.O,N/A,N/A,5.0,,"Ground Floor, Indira Niwas, Shop No.03, near Bharat Jyoti Building, Thakurwadi, Dombivli West, Dombivli, Maharashtra 421202","Dombivli, Thakurwadi, Dombivli West",19.2223147,73.0788266,ChIJr6Zt2fO_5zsR8bV2MukOfnY,https://www.google.com/maps/place/?q=place_id:ChIJr6Zt2fO_5zsR8bV2MukOfnY,part_136,2026-09-22 06:09:08,44802
Roiyatech,Businesses,Software company,Software company,421202,Maharashtra Circle,Navi Mumbai Region,Thane Division,Vishnunagar S.O,+91 85914 50930,https://roiyatech.com/,4.8,,"RoiyaTech, Near, Ram Mandir Rd, Dombivli, Shastri Nagar, Dombivli West, Maharashtra 421202","Dombivli, Shastri Nagar, Dombivli West",19.2204689,73.0795785,ChIJq0W8erm_5zsRn3Vy83HGDHw,https://www.google.com/maps/place/?q=place_id:ChIJq0W8erm_5zsRn3Vy83HGDHw,part_136,2026-09-22 06:09:08,44803
Ovik Herbals,Businesses,Cosmetic Products Manufacturer,Cosmetic Products Manufacturer,421202,Maharashtra Circle,Navi Mumbai Region,Thane Division,Vishnunagar S.O,+91 98198 86327,N/A,4.7,,"2nd Floor Room no. 21, Gopal Bhoir Building Bharat bhoir nagar, reti bandar road, Dombivli, Thakurwadi, Kalu Nagar, Kalyan, Maharashtra 421202","Dombivli, Thakurwadi, Kalu Nagar",19.222074,73.07889569999999,ChIJBUpSYgK_5zsRgqbylBZaO6Y,https://www.google.com/maps/place/?q=place_id:ChIJBUpSYgK_5zsRgqbylBZaO6Y,part_136,2026-09-22 06:09:08,44804
CrocTech Solutions,Businesses,Software company,Software company,421202,Maharashtra Circle,Navi Mumbai Region,Thane Division,Vishnunagar S.O,N/A,https://croctechsolutions.com/,,,"Dombivli, Thakurwadi, Kalu Nagar, Mumbai, Kalyan, Maharashtra 421202","Dombivli, Thakurwadi, Kalu Nagar",19.222074,73.07889569999999,ChIJ5WfQEX6_5zsRFLESImikpCg,https://www.google.com/maps/place/?q=place_id:ChIJ5WfQEX6_5zsRFLESImikpCg,part_136,2026-09-22 06:09:08,44805
Udayraj CHS,Businesses,Housing society,Housing society,421202,Maharashtra Circle,Navi Mumbai Region,Thane Division,Vishnunagar S.O,N/A,N/A,4.0,,"63CH+PR7, dindayal, Thakurwadi Road, Dombivli, Dombivli West, Maharashtra 421202","Dombivli, Shastri Nagar, Dombivli West",19.221780199999998,73.0795486,ChIJgQmi_Bi-5zsR0KH0INM-88g,https://www.google.com/maps/place/?q=place_id:ChIJgQmi_Bi-5zsR0KH0INM-88g,part_136,2026-09-22 06:09:08,44806
Shevanti Dham,Businesses,Apartment building,Apartment building,421202,Maharashtra Circle,Navi Mumbai Region,Thane Division,Vishnunagar S.O,N/A,N/A,4.7,,"Omsai Building RG.1Shastrinagar Raghuvirnagar Ram Mandir Road Near Mhatre School Dombivli, Shastri Nagar, Dombivli West, Thane, Maharashtra 421202","Dombivli, Shastri Nagar, Dombivli West",19.221097099999998,73.07935719999999,ChIJz-8fd5G_5zsRqlgQxGY45Bk,https://www.google.com/maps/place/?q=place_id:ChIJz-8fd5G_5zsRqlgQxGY45Bk,part_136,2026-09-22 06:09:08,44807
AWZ,Businesses,Website designer,"Website designer, Graphic designer",421202,Maharashtra Circle,Navi Mumbai Region,Thane Division,Vishnunagar S.O,+91 82868 67682,https://awzdigital.com/,3.8,,"Mandir, 4, Shivkrupa, Maharashtra, near Gaondevi Girijamata, Dombivli, Juni, Dombivli West, Maharashtra 421202","Dombivli, Juni, Dombivli West",19.220841999999998,73.078002,ChIJv-BzQxi-5zsR7AofNbEDA2M,https://www.google.com/maps/place/?q=place_id:ChIJv-BzQxi-5zsR7AofNbEDA2M,part_136,2026-09-22 06:09:08,44808
Raghunandan Building,Businesses,Apartment building,Apartment building,421202,Maharashtra Circle,Navi Mumbai Region,Thane Division,Vishnunagar S.O,N/A,N/A,5.0,,"Sai Dham, Thakurwadi Road, Dombivli, Shastri Nagar, Dombivli West, Kalyan, Maharashtra 421202","Dombivli, Shastri Nagar, Dombivli West",19.2216372,73.0793304,ChIJl9JJECy_5zsRXkN8KDhXAx0,https://www.google.com/maps/place/?q=place_id:ChIJl9JJECy_5zsRXkN8KDhXAx0,part_136,2026-09-22 06:09:08,44809
Fantacy World,Businesses,Jewelry manufacturer,Jewelry manufacturer,421202,Maharashtra Circle,Navi Mumbai Region,Thane Division,Vishnunagar S.O,+91 97698 38438,http://fantacyworld.in/,,,"105, B Wing, Shevantabai Sadan, Bedekar Galli, near Agnimata mandir, Dombivli, Thakurwadi, Dombivli West, Maharashtra 421202","Dombivli, Thakurwadi, Dombivli West",19.2215833,73.079632,ChIJA-dW4hi-5zsRIqf2RpltnTA,https://www.google.com/maps/place/?q=place_id:ChIJA-dW4hi-5zsRIqf2RpltnTA,part_136,2026-09-22 06:09:08,44810
Om Sitaram Chhaya CHS.M,Businesses,Housing society,Housing society,421202,Maharashtra Circle,Navi Mumbai Region,Thane Division,Vishnunagar S.O,N/A,N/A,5.0,,"63CH+9JR, Dombivli, Thakurwadi, Kalu Nagar, Kalyan, Maharashtra 421202","Dombivli, Thakurwadi, Kalu Nagar",19.220990099999998,73.0790179,ChIJk9uKQAC_5zsR4q2AENXWPDw,https://www.google.com/maps/place/?q=place_id:ChIJk9uKQAC_5zsR4q2AENXWPDw,part_136,2026-09-22 06:09:08,44811
Rushiprasad Co-operative Housing Society,Businesses,Housing society,Housing society,421202,Maharashtra Circle,Navi Mumbai Region,Thane Division,Vishnunagar S.O,N/A,N/A,5.0,,"Rushi, Prasad Cooperative Housing Society, Housing Society Ltd, Thakurwadi Road, near Thakurwadi, near Sawant Hospital, Dombivli, Shastri Nagar, Dombivli West, Kalyan, Maharashtra 421202","Dombivli, Shastri Nagar, Dombivli West",19.221967,73.0796955,ChIJHz6xOwC_5zsR3m0wm8kxmFg,https://www.google.com/maps/place/?q=place_id:ChIJHz6xOwC_5zsR3m0wm8kxmFg,part_136,2026-09-22 06:09:08,44812
Sai Leela Tower,Businesses,Apartment building,Apartment building,421202,Maharashtra Circle,Navi Mumbai Region,Thane Division,Vishnunagar S.O,N/A,N/A,5.0,,"Dombivli, Thakurwadi, Dombivli West, Kalyan, Maharashtra 421202","Dombivli, Thakurwadi, Dombivli West",19.2216889,73.0792524,ChIJ4dJCBDu_5zsRG7C2H-bLBqw,https://www.google.com/maps/place/?q=place_id:ChIJ4dJCBDu_5zsRG7C2H-bLBqw,part_136,2026-09-22 06:09:08,44813
Amethyst Studios,Businesses,Software company,Software company,421202,Maharashtra Circle,Navi Mumbai Region,Thane Division,Vishnunagar S.O,N/A,N/A,,,"Dombivli, Thakurwadi, Kalu Nagar, Kalyan, Maharashtra 421202","Dombivli, Thakurwadi, Kalu Nagar",19.222074,73.07889569999999,ChIJN5XL2QW_5zsRfa4fc9IZreU,https://www.google.com/maps/place/?q=place_id:ChIJN5XL2QW_5zsRfa4fc9IZreU,part_136,2026-09-22 06:09:08,44814
Udyog Urja - Business Networking Platform and Solutions,Businesses,Business to business service,"Business to business service, Business networking company",421202,Maharashtra Circle,Navi Mumbai Region,Thane Division,Vishnunagar S.O,+91 99201 00308,https://www.udyogurja.org/,4.9,,"W, A-3, Jai Mahalakshmi Apt, Near Jondhale School, Opp. Bank of Baroda, Old Dombivli Rd, Dombivli, Maharashtra 421202","Dombivli, Shastri Nagar, Dombivli West",19.2185557,73.0835353,ChIJH389t4S_5zsR078Uwaj_Hyk,https://www.google.com/maps/place/?q=place_id:ChIJH389t4S_5zsR078Uwaj_Hyk,part_136,2026-09-22 06:09:09,44815
NEXT STOP ON TOP INDIA PVT LTD,Businesses,Financial consultant,"Financial consultant, Interior designer",421202,Maharashtra Circle,Navi Mumbai Region,Thane Division,Vishnunagar S.O,+91 251 248 2491,http://nsot.in/,4.9,,"1ST FLOOR SAI DUTTA KRUPA CHS NEAR RANA PRATAP BHAVAN, opp. JONDHALE POLYTECHNIC, Shastri Nagar, Dombivli West, Maharashtra 421202","Dombivli, Shastri Nagar, Dombivli West",19.2189382,73.0841159,ChIJoY2LdvG_5zsRVAUHAOYAOnY,https://www.google.com/maps/place/?q=place_id:ChIJoY2LdvG_5zsRVAUHAOYAOnY,part_136,2026-09-22 06:09:09,44816
Miracle Technologies Mumbai (software business),Businesses,Corporate office,Corporate office,421202,Maharashtra Circle,Navi Mumbai Region,Thane Division,Vishnunagar S.O,+91 87796 40703,https://miracletechnologies.co.in/,4.6,,"Last stop of wada rickshaw stand, Rishabh Heights, 07, Dombivli, Garibachawada., Maharashtra 421202","Dombivli, Garibachawada., Kumbharkhan Pada",19.232501,73.0853214,ChIJQXi9qg6_5zsR2h1q846LUNY,https://www.google.com/maps/place/?q=place_id:ChIJQXi9qg6_5zsR2h1q846LUNY,part_136,2026-09-22 06:09:09,44817
SG Marine Services pvt ltd,Businesses,Shipping service,"Shipping service, Career guidance service, Recruiter, Shipbuilding and repair company",421202,Maharashtra Circle,Navi Mumbai Region,Thane Division,Vishnunagar S.O,+91 251 249 5220,http://www.sgmarineservice.in/,4.8,,"104 SUNRISE GALAXY 1st FLOOR GUPTE ROAD, Station Rd, opp. ROYAL TREAT BAR, Dombivli, Dombivli West, Maharashtra 421202","Dombivli, Vishnu Nagar, Dombivli West",19.219455999999997,73.0867576,ChIJ-bhLz-WX5zsRlaIv0gghmNk,https://www.google.com/maps/place/?q=place_id:ChIJ-bhLz-WX5zsRlaIv0gghmNk,part_136,2026-09-22 06:09:09,44818
Intech Pest Control,Businesses,Pest control service,"Pest control service, Sanitation service",421202,Maharashtra Circle,Navi Mumbai Region,Thane Division,Vishnunagar S.O,+91 93221 23123,http://www.intechpestcontrol.com/,4.6,,"102, 1st Floor Gopi Cine Mall, Nari Seva Sadan Rd, Dombivli, Dombivli West, Maharashtra 421202","Dombivli, Dombivli West",19.2229658,73.0849649,ChIJzwFdu9y_5zsRKieklW206aQ,https://www.google.com/maps/place/?q=place_id:ChIJzwFdu9y_5zsRKieklW206aQ,part_136,2026-09-22 06:09:09,44819
HERMES INFOSOFT LLP,Businesses,Website designer,"Website designer, Software company",421202,Maharashtra Circle,Navi Mumbai Region,Thane Division,Vishnunagar S.O,+91 75066 44084,http://hermesinfosoft.com/,5.0,,"604, Kalpataru Towers, Sakharam Complex Kopar X R, Dombivli(W), Maharashtra 421202","Dombivli, RBI Colony, Dombivli West",19.2170462,73.0792404,ChIJAQAAAD2-5zsR5xSFau6j-sg,https://www.google.com/maps/place/?q=place_id:ChIJAQAAAD2-5zsR5xSFau6j-sg,part_136,2026-09-22 06:09:09,44820
"Syncnetic Software, Dombivli",Businesses,Software company,"Software company, Information services",421202,Maharashtra Circle,Navi Mumbai Region,Thane Division,Vishnunagar S.O,+91 98198 61525,http://www.syncneticsoftware.tech/,3.6,,"Tribhuvan Society, A 304, Pandit Din Dayal Upadhyay Rd, Dombivli, Anand Nagar, Dombivli West, Kalyan, Maharashtra 421202","Dombivli, Anand Nagar, Dombivli West",19.224477699999998,73.079848,ChIJ13IzZBm-5zsR44QkOIKN_Lg,https://www.google.com/maps/place/?q=place_id:ChIJ13IzZBm-5zsR44QkOIKN_Lg,part_136,2026-09-22 06:09:09,44821
Kapis Media,Businesses,Website designer,"Website designer, Software company",421202,Maharashtra Circle,Navi Mumbai Region,Thane Division,Vishnunagar S.O,+91 97698 80746,http://kapismedia.in/,5.0,,"Om Uma Apartment, B-19, Shastri Nagar, Dombivli West, Mumbai, Maharashtra 421202","Dombivli, Shastri Nagar, Dombivli West",19.2201465,73.0811124,ChIJUf-0cCG-5zsRvRgFKLQaJ5U,https://www.google.com/maps/place/?q=place_id:ChIJUf-0cCG-5zsRvRgFKLQaJ5U,part_136,2026-09-22 06:09:09,44822
Balaji Trading Company,Businesses,Indian grocery store,"Indian grocery store, Airbrushing supply store",421202,Maharashtra Circle,Navi Mumbai Region,Thane Division,Vishnunagar S.O,+91 92208 41744,N/A,,,"01, Reti Bunder Road, opposite Amoghsidhh hall, Dombivli, Dombivli West, Kalyan, Maharashtra 421202","Dombivli, Dombivli West",19.2270286,73.08113209999999,ChIJFzJaqu6_5zsR1qoVPw1lAUM,https://www.google.com/maps/place/?q=place_id:ChIJFzJaqu6_5zsR1qoVPw1lAUM,part_136,2026-09-22 06:09:09,44823
Ajinkya Infotech,Businesses,Internet marketing service,Internet marketing service,421202,Maharashtra Circle,Navi Mumbai Region,Thane Division,Vishnunagar S.O,+91 97022 13430,https://ajinkyainfotech.com/,5.0,,"Building No. 3, Swapnapurti Apartment, Mahatma Phule Rd, near Don Taki, Dombivli, Dombivli West, Kalyan, Maharashtra 421202","Dombivli, Dombivli West",19.2272192,73.08475609999999,ChIJAzamT3HS86wRvGpgz6cOgLI,https://www.google.com/maps/place/?q=place_id:ChIJAzamT3HS86wRvGpgz6cOgLI,part_136,2026-09-22 06:09:09,44824
Indo Amines Limited,Businesses,Chemical Manufacturer,Chemical Manufacturer,421203,Maharashtra Circle,Navi Mumbai Region,Thane Division,Dombivali I.A. S.O,+91 70455 92706,http://indoaminesltd.com/,3.7,53.0,"Indo Amines Limited. Plot No-W-44, Phase-II, MIDC, Dombivli East, Maharashtra 421203","Dombivli, MIDC, Dombivli East",19.2037719,73.0985554,ChIJf1oMV4OV5zsRt7T0sFa-7xY,https://www.google.com/maps/place/?q=place_id:ChIJf1oMV4OV5zsRt7T0sFa-7xY,part_136,2026-09-22 06:09:44,45839
S.M. ENTERPRISES,Businesses,Logistics service,Logistics service,421203,Maharashtra Circle,Navi Mumbai Region,Thane Division,Dombivali I.A. S.O,+91 75060 33596,N/A,5.0,21.0,"SHOP NO 06, GR FLOOR, SHREE SHIVAM APT, near THAKUR MASALA, Dombivli, Sonar Pada, Dombivli East, Mumbai, Kalyan, Maharashtra 421203","Dombivli, Sonar Pada, Dombivli East",19.195377699999998,73.102874,ChIJWfWfIKKV5zsR97UCqPu7A2g,https://www.google.com/maps/place/?q=place_id:ChIJWfWfIKKV5zsR97UCqPu7A2g,part_136,2026-09-22 06:09:44,45840
S.H. Enterprise,Businesses,Manufacturer,Manufacturer,421203,Maharashtra Circle,Navi Mumbai Region,Thane Division,Dombivali I.A. S.O,N/A,https://chapati-bhakri-making.grexa.site/,,,"guardian school, Shop Numbers,18 aishwarikan\nHousing society.\nNear old, Dombivli East, Maharashtra 421203","Dombivli, Sonar Pada, Dombivli East",19.1929436,73.1054065,ChIJpyU5G1KV5zsRcZG7ufi1vFw,https://www.google.com/maps/place/?q=place_id:ChIJpyU5G1KV5zsRcZG7ufi1vFw,part_136,2026-09-22 06:09:44,45841
AXFLO PUMP SOLUTION,Businesses,Pump supplier,Pump supplier,421203,Maharashtra Circle,Navi Mumbai Region,Thane Division,Dombivali I.A. S.O,N/A,https://www.axflo.in/,5.0,5.0,"Axflo Pump Solution, Globe Business Square, Dombivli, Sonar Pada, Dombivli East, Kalyan, Maharashtra 421203","Dombivli, Sonar Pada, Dombivli East",19.1955876,73.10717,ChIJm2DLmG6V5zsRWqqaoao1jqg,https://www.google.com/maps/place/?q=place_id:ChIJm2DLmG6V5zsRWqqaoao1jqg,part_136,2026-09-22 06:09:44,45842
Linkera millionaires,Businesses,Business networking company,Business networking company,421203,Maharashtra Circle,Navi Mumbai Region,Thane Division,Dombivali I.A. S.O,N/A,http://linkeramillionaires.com/,,,"Gavdevi Mandir Rd, Sonar Pada, Sonarpada, Dombivli East, Thane, Maharashtra 421203","Dombivli, Sonarpada, Dombivli East",19.1960844,73.1011037,ChIJ8e8GkiOV5zsRWYMROepaZkY,https://www.google.com/maps/place/?q=place_id:ChIJ8e8GkiOV5zsRWYMROepaZkY,part_136,2026-09-22 06:09:44,45843
Home,Businesses,Housing development,Housing development,421203,Maharashtra Circle,Navi Mumbai Region,Thane Division,Dombivali I.A. S.O,N/A,N/A,5.0,1.0,"401, Dombivli, Sonar Pada, Dombivli East, Kalyan, Maharashtra 421203","Dombivli, Sonar Pada, Dombivli East",19.195758899999998,73.1030136,ChIJ4XmEVAaV5zsRaI-DH6RiFqk,https://www.google.com/maps/place/?q=place_id:ChIJ4XmEVAaV5zsRaI-DH6RiFqk,part_136,2026-09-22 06:09:44,45844
Vasant smruti,Businesses,Housing complex,Housing complex,421203,Maharashtra Circle,Navi Mumbai Region,Thane Division,Dombivali I.A. S.O,N/A,N/A,5.0,2.0,"54V3+X82, Dombivli, Sonar Pada, Dombivli East, Kalyan, Maharashtra 421203","Dombivli, Sonar Pada, Dombivli East",19.194582099999998,73.1031433,ChIJB1TwuSKV5zsR-QlnK8g5dvU,https://www.google.com/maps/place/?q=place_id:ChIJB1TwuSKV5zsR-QlnK8g5dvU,part_136,2026-09-22 06:09:44,45845
Kokate electric and Hardware,Businesses,Electrical appliance wholesaler,Electrical appliance wholesaler,421203,Maharashtra Circle,Navi Mumbai Region,Thane Division,Dombivali I.A. S.O,+91 93241 26868,http://sharadkokate.in/,5.0,3.0,"Shop No.2, Gaondevi Krupa Building, Santoshi Mata Mandir Road, Dombivli, Sonar Pada, Dombivli East, Kalyan, Maharashtra 421203","Dombivli, Sonar Pada, Dombivli East",19.1927636,73.1036763,ChIJU8i9IdiV5zsRbm1lwFm0a8Y,https://www.google.com/maps/place/?q=place_id:ChIJU8i9IdiV5zsRbm1lwFm0a8Y,part_136,2026-09-22 06:09:44,45846
श्री समर्थ बंगला,Businesses,Housing complex,Housing complex,421203,Maharashtra Circle,Navi Mumbai Region,Thane Division,Dombivali I.A. S.O,N/A,N/A,5.0,1.0,"54R3+VF2, Dombivli, Sonar Pada, Dombivli East, Kalyan, Maharashtra 421203","Dombivli, Sonar Pada, Dombivli East",19.1921368,73.10362909999999,ChIJQ-j_YQCV5zsRZMKj7x2ym1k,https://www.google.com/maps/place/?q=place_id:ChIJQ-j_YQCV5zsRZMKj7x2ym1k,part_136,2026-09-22 06:09:44,45847
Technoverse Business Solutions,Businesses,Computer support and services,Computer support and services,421203,Maharashtra Circle,Navi Mumbai Region,Thane Division,Dombivali I.A. S.O,+91 91363 23938,https://technoversebs.com/,4.7,194.0,"Office number 205, GNP Arcadia, Sudarshan Nagar, near K V Pendharkar College, Dombivli, Vicco naka, Dombivli East, Mumbai, Maharashtra 421203","Dombivli, Vicco naka, Dombivli East",19.211959999999998,73.105086,ChIJ0dZdliC-5zsRVir02QiKI9Y,https://www.google.com/maps/place/?q=place_id:ChIJ0dZdliC-5zsRVir02QiKI9Y,part_136,2026-09-22 06:09:45,45848
Geet Technologies,Businesses,Automation company,Automation company,421203,Maharashtra Circle,Navi Mumbai Region,Thane Division,Dombivali I.A. S.O,+91 98707 47029,http://geettechnologies.co.in/,5.0,21.0,"Plot X7-4, Srushti Commercial Premises, MIDC Rd, behind Green English School, Dombivli, Milap Nagar, Dombivli East, Kalyan, Maharashtra 421203","Dombivli, Milap Nagar, Dombivli East",19.2100614,73.1071691,ChIJN7lvSbGV5zsR95TfVnU8zQA,https://www.google.com/maps/place/?q=place_id:ChIJN7lvSbGV5zsR95TfVnU8zQA,part_136,2026-09-22 06:09:45,45849
Aryan Electricals Private Limited,Businesses,Businesses,Businesses,421203,Maharashtra Circle,Navi Mumbai Region,Thane Division,Dombivali I.A. S.O,N/A,N/A,4.1,47.0,"Rp 25, Dombivli, Milap Nagar, Dombivli East, Kalyan, Maharashtra 421203","Dombivli, Milap Nagar, Dombivli East",19.2084694,73.10732829999999,ChIJ-1-PXACV5zsR6hvOUkwcu-E,https://www.google.com/maps/place/?q=place_id:ChIJ-1-PXACV5zsR6hvOUkwcu-E,part_136,2026-09-22 06:09:45,45850
Kkitron Electronics,Businesses,Manufacturer,Manufacturer,421203,Maharashtra Circle,Navi Mumbai Region,Thane Division,Dombivali I.A. S.O,+91 84228 81170,N/A,4.3,13.0,"Mhatre Industrial Compound, Side of Metro Chemical, W118, Sonarpada Main Rd, Phase II, E Phase II, MIDC, Dombivli East, Maharashtra 421201","Phase II, E Phase II, MIDC, Dombivli East",19.198227799999998,73.10198799999999,ChIJpwgok3OV5zsRsH9RvnHV5oM,https://www.google.com/maps/place/?q=place_id:ChIJpwgok3OV5zsRsH9RvnHV5oM,part_136,2026-09-22 06:09:45,45851
Rozer pharmaceutical pvt ltd,Businesses,Wholesaler,Wholesaler,421203,Maharashtra Circle,Navi Mumbai Region,Thane Division,Dombivali I.A. S.O,+91 81081 01616,http://www.rozerpharma.com/,5.0,15.0,"Shree Sai Gajanan Apartment, Dombivli, Sonar Pada, Dombivli East, DOMBIVLI, Kalyan, Maharashtra 421203","Dombivli, Sonar Pada, Dombivli East",19.2038624,73.1137321,ChIJu_ybQwCV5zsRwSbxECyqroY,https://www.google.com/maps/place/?q=place_id:ChIJu_ybQwCV5zsRwSbxECyqroY,part_136,2026-09-22 06:09:45,45852
Parasrampuria Engineers pvt Ltd,Businesses,Manufacturer,Manufacturer,421203,Maharashtra Circle,Navi Mumbai Region,Thane Division,Dombivali I.A. S.O,+91 98200 04135,N/A,4.3,52.0,"W102/103, MIDC, Phase II, Dombivli East, Maharashtra 421203","Phase II, Tata Power Company Limited, Dombivli East",19.2126844,73.110182,ChIJ_T43h4GV5zsRUHNjfzrC9TU,https://www.google.com/maps/place/?q=place_id:ChIJ_T43h4GV5zsRUHNjfzrC9TU,part_136,2026-09-22 06:09:46,45853
Ullengal Brothers Textile Pvt Ltd,Businesses,Manufacturer,Manufacturer,421203,Maharashtra Circle,Navi Mumbai Region,Thane Division,Dombivali I.A. S.O,+91 90825 68477,N/A,4.6,17.0,"Plot No, B15, MIDC, near MSEDCL store, Dombivli, Tata Power Company Limited, Dombivli East, Kalyan, Maharashtra 421203","Dombivli, Tata Power Company Limited, Dombivli East",19.220214,73.1174607,ChIJ1_PjwJeV5zsRIEmro-AGWg4,https://www.google.com/maps/place/?q=place_id:ChIJ1_PjwJeV5zsRIEmro-AGWg4,part_136,2026-09-22 06:09:46,45854
Tantragyan Technologies Pvt Ltd,Businesses,Software company,Software company,421203,Maharashtra Circle,Navi Mumbai Region,Thane Division,Dombivali I.A. S.O,N/A,http://www.tantra-gyan.com/,4.4,39.0,"103, 105, Jai Estate, opp. State Bank of India, Dombivli, Tata Power Company Limited, Dombivli East, Kalyan, Maharashtra 421203","Dombivli, Tata Power Company Limited, Dombivli East",19.2127829,73.10902999999999,ChIJXci4t1O_5zsR8rzOJ-oA04M,https://www.google.com/maps/place/?q=place_id:ChIJXci4t1O_5zsR8rzOJ-oA04M,part_136,2026-09-22 06:09:46,45855
ADINBERG ENTERPRISES PRIVATE LIMITED,Businesses,Software company,Software company,421204,Maharashtra Circle,Navi Mumbai Region,Thane Division,"Manpada S.O, Khoni B.O, Nilje B.O",N/A,https://adinberg.com/,5.0,,"1001, H wing, Jasmine Building Lodha Crown, Palava Phase II Opposite Lodha Downtown, Khoni, Dombivali, East, Thane, Maharashtra 421204",East,19.1605867,73.1181347,ChIJZQUDfNmV5zsRTWZnvbc61dE,https://www.google.com/maps/place/?q=place_id:ChIJZQUDfNmV5zsRTWZnvbc61dE,part_136,2026-09-22 06:10:21,48062
Shanti Trading Company,Businesses,Print shop,"Print shop, Store",421204,Maharashtra Circle,Navi Mumbai Region,Thane Division,"Manpada S.O, Khoni B.O, Nilje B.O",+91 97693 80109,N/A,5.0,,"Shop No 1, Nr Shivsena Office, Kolegaon-Dombivali Rd, Kolegaon, Dombivli East, Mumbai, Kalyan, Maharashtra 421204","Kolegaon, Dombivli East",19.1725648,73.0868419,ChIJX4i1F-C_5zsRAAAAMNcBmAs,https://www.google.com/maps/place/?q=place_id:ChIJX4i1F-C_5zsRAAAAMNcBmAs,part_136,2026-09-22 06:10:21,48063
AOPLUS SOLUTIONS PRIVATE LIMITED,Businesses,Computer support and services,Computer support and services,421204,Maharashtra Circle,Navi Mumbai Region,Thane Division,"Manpada S.O, Khoni B.O, Nilje B.O",+91 79778 75818,https://aoplus.in/,5.0,,"Lodha Signet, Premier Colony ground, 01 - 605, Kalyan - Shilphata Rd, Dombivili, Kalyan, Maharashtra 421204",421204,19.1799046,73.088853,ChIJz61Sc-nxUEAR3qVv3SnHR4Y,https://www.google.com/maps/place/?q=place_id:ChIJz61Sc-nxUEAR3qVv3SnHR4Y,part_136,2026-09-22 06:10:21,48064
prabhaNX,Businesses,Solar Energy Company,"Solar Energy Company, Energy equipment and solutions, Solar energy equipment supplier",421204,Maharashtra Circle,Navi Mumbai Region,Thane Division,"Manpada S.O, Khoni B.O, Nilje B.O",+91 79770 48123,https://prabhanx.com/solar,5.0,,"prabhaNx, Katai Pipeline Rd, Kolegaon, Dombivli, Maharashtra 421204",Kolegaon,19.1715634,73.0848603,ChIJ3dSHQvq_5zsRfQr5I5YHDmY,https://www.google.com/maps/place/?q=place_id:ChIJ3dSHQvq_5zsRfQr5I5YHDmY,part_136,2026-09-22 06:10:21,48065
Infivora Technologies,Businesses,Software company,Software company,421204,Maharashtra Circle,Navi Mumbai Region,Thane Division,"Manpada S.O, Khoni B.O, Nilje B.O",+91 91363 95136,https://infivora.tech/,,,"Casa Azzura, Palava City, Phase II, Khoni Pagadyacha Pada, Maharashtra 421204",Phase II,19.170841,73.1121117,ChIJnTM-p_VeGYwR2qz-TU9fJ9k,https://www.google.com/maps/place/?q=place_id:ChIJnTM-p_VeGYwR2qz-TU9fJ9k,part_136,2026-09-22 06:10:21,48066
SUPER ELECTRONICS AND SERVICES,Businesses,Electronics store,"Electronics store, Computer repair service",421204,Maharashtra Circle,Navi Mumbai Region,Thane Division,"Manpada S.O, Khoni B.O, Nilje B.O",+91 79774 65906,N/A,3.1,,"Shop No.4, Viento, Lakeshore Green, Dombivli, Palava Phase 2, Khoni Pagadyacha Pada, Maharashtra 421204","Dombivli, Palava Phase 2",19.1695116,73.11297929999999,ChIJ73vpVKGV5zsRJ41brjHMbhk,https://www.google.com/maps/place/?q=place_id:ChIJ73vpVKGV5zsRJ41brjHMbhk,part_136,2026-09-22 06:10:21,48067
Ananta Mhatres nagar,Businesses,Housing society,Housing society,421204,Maharashtra Circle,Navi Mumbai Region,Thane Division,"Manpada S.O, Khoni B.O, Nilje B.O",N/A,N/A,5.0,,"421204, Kolegaon-badalapur, Katai Pipeline Rd, Kolegaon, Maharashtra 421204",Kolegaon,19.168656,73.09297579999999,ChIJIXTMoYWV5zsRsQK9mJOZOsw,https://www.google.com/maps/place/?q=place_id:ChIJIXTMoYWV5zsRsQK9mJOZOsw,part_136,2026-09-22 06:10:21,48068
webOdoctor- Our footprints in now in the city of dreams – Mumbai,Businesses,Software company,"Software company, Advertising agency, Direct mail advertising, E-commerce service, Graphic designer, Marketing agency, Marketing consultant, Software Training Institute, Web hosting company, Website designer",421204,Maharashtra Circle,Navi Mumbai Region,Thane Division,"Manpada S.O, Khoni B.O, Nilje B.O",+91 70009 26009,https://www.webodoctor.com/,3.8,,"UNO-O, 401, Lakeshore Green, Palava, Navi Mumbai, Maharashtra 421204",421204,19.1702414,73.1113762,ChIJ7XKoPVqV5zsRpdsnibZvCeM,https://www.google.com/maps/place/?q=place_id:ChIJ7XKoPVqV5zsRpdsnibZvCeM,part_136,2026-09-22 06:10:21,48069
Srushti Organic Agro Farm,Businesses,Organic farm,Organic farm,421204,Maharashtra Circle,Navi Mumbai Region,Thane Division,"Manpada S.O, Khoni B.O, Nilje B.O",+91 99871 48484,N/A,5.0,,"Hira nagar, At- hedutne, post- nilje, Katai Pipeline Rd, near hira ngr, Dombivli, east, badlapur, Maharashtra 421204","Dombivli, east",19.1715606,73.1078891,ChIJUYuTaSKV5zsR3qbT4miGIB4,https://www.google.com/maps/place/?q=place_id:ChIJUYuTaSKV5zsR3qbT4miGIB4,part_136,2026-09-22 06:10:21,48070
Niyansh Tech,Businesses,Software company,Software company,421204,Maharashtra Circle,Navi Mumbai Region,Thane Division,"Manpada S.O, Khoni B.O, Nilje B.O",+91 70333 20888,https://niyanshtech.com/,5.0,38.0,"Lagoona F-006, Lakeshore Greens Taloja By Pass Road, Palava City, Dombivli, Maharashtra 421204",Dombivli,19.169873,73.113208,ChIJxzfF_qWV5zsRO6NLy1jMBXE,https://www.google.com/maps/place/?q=place_id:ChIJxzfF_qWV5zsRO6NLy1jMBXE,part_136,2026-09-22 06:10:21,48071
Aloyt - Best Ai Based Web Development Company,Businesses,Software company,"Software company, Graphic designer, Website designer",421204,Maharashtra Circle,Navi Mumbai Region,Thane Division,"Manpada S.O, Khoni B.O, Nilje B.O",N/A,https://www.aloyt.com/,4.7,7.0,"Gate No 4, Lodha Crown, Jasmine I 801, Khoni - Taloja Rd, opposite Lodha Palava, Phase 2, Dombivli, Khoni Pagadyacha Pada, Maharashtra 421204",Phase 2,19.1606856,73.1181446,ChIJXdhibhqV5zsRaqHdxqyczFo,https://www.google.com/maps/place/?q=place_id:ChIJXdhibhqV5zsRaqHdxqyczFo,part_136,2026-09-22 06:10:21,48072
snehachievers private limited,Businesses,Software company,Software company,421204,Maharashtra Circle,Navi Mumbai Region,Thane Division,"Manpada S.O, Khoni B.O, Nilje B.O",+91 97023 34721,https://snehachievers.in/,5.0,2.0,"Lodha Crown, Jasmine D 1007, near lodha world school, Taloja, Thane, Maharashtra 421204",Taloja,19.160111999999998,73.1187838,ChIJTemoM2CV5zsRfgTGMBAsYPw,https://www.google.com/maps/place/?q=place_id:ChIJTemoM2CV5zsRfgTGMBAsYPw,part_136,2026-09-22 06:10:21,48073
Lifeon Labs Pvt. Ltd.,Businesses,Cosmetic Products Manufacturer,Cosmetic Products Manufacturer,421204,Maharashtra Circle,Navi Mumbai Region,Thane Division,"Manpada S.O, Khoni B.O, Nilje B.O",+91 93722 59930,https://lifeonlabs.com/,4.6,29.0,"Sheel, C-103 & C-104, 1"" Floor, Vaibhav Nagari CHS, Phase I, Katai Kalyan, Road, Dombivli East, Maharashtra 421204","Kolegaon, Dombivli East",19.1738996,73.0852483,ChIJLUiL5RqV5zsR4MDROlFSv-w,https://www.google.com/maps/place/?q=place_id:ChIJLUiL5RqV5zsR4MDROlFSv-w,part_136,2026-09-22 06:10:21,48074
MDITech,Businesses,Software company,Software company,421204,Maharashtra Circle,Navi Mumbai Region,Thane Division,"Manpada S.O, Khoni B.O, Nilje B.O",+91 97687 41972,https://mditech.net/,4.9,75.0,"Casa Rio, Thane, Maharashtra 421204",Nilaje,19.145766,73.080162,ChIJd5OkgbfB5zsRp8BgNR--gqI,https://www.google.com/maps/place/?q=place_id:ChIJd5OkgbfB5zsRp8BgNR--gqI,part_136,2026-09-22 06:10:22,48075
KK Soft-The BIM Experts,Businesses,Civil engineering company,Civil engineering company,421204,Maharashtra Circle,Navi Mumbai Region,Thane Division,"Manpada S.O, Khoni B.O, Nilje B.O",N/A,https://www.kksoftaec.com/,4.8,12.0,"Tower B, i Think by Lodha, 523, opp. Xperia Mall, Palava City, Dombivali E, Kalyan, Maharashtra 421204","Palava City, Casa Bella Gold, Dombivali E",19.164152599999998,73.0738848,ChIJ48hkl8bH5zsRM0v_71UhYNc,https://www.google.com/maps/place/?q=place_id:ChIJ48hkl8bH5zsRM0v_71UhYNc,part_136,2026-09-22 06:10:22,48076
Shree ganesh trading company,Businesses,Store,Store,421204,Maharashtra Circle,Navi Mumbai Region,Thane Division,"Manpada S.O, Khoni B.O, Nilje B.O",N/A,N/A,5.0,,"Dombivli, Sonar Pada, Dombivli East, Kalyan, Maharashtra 421203","Dombivli, Sonar Pada, Dombivli East",19.2027815,73.10507489999999,ChIJI56msKeV5zsRPOb6aQyM7SU,https://www.google.com/maps/place/?q=place_id:ChIJI56msKeV5zsRPOb6aQyM7SU,part_136,2026-09-22 06:10:22,48077
global group,Businesses,Real Estate Builders & Construction Company,Real Estate Builders & Construction Company,421301,Maharashtra Circle,Navi Mumbai Region,Thane Division,"Kalyan D.C. S.O, Pimpaloli B.O, Kalyan City H.O",N/A,N/A,,,"Sambhaji Nagar, Adharwadi, Khadakpada, Kalyan, Maharashtra 421301","Sambhaji Nagar, Adharwadi, Khadakpada",19.2527276,73.1290751,ChIJ51ZzbQaX5zsR_FPxk_Cj1xI,https://www.google.com/maps/place/?q=place_id:ChIJ51ZzbQaX5zsR_FPxk_Cj1xI,part_136,2026-09-22 06:10:59,50710
Sudhanshu Chambers,Businesses,Employment agency,"Employment agency, Corporate office",421301,Maharashtra Circle,Navi Mumbai Region,Thane Division,"Kalyan D.C. S.O, Pimpaloli B.O, Kalyan City H.O",N/A,N/A,3.1,,"64PJ+V8H, Kalyan Station Rd, Bhanunagar Kalyan(West), Bhoiwada, Kalyan, Maharashtra 421301","Bhanunagar Kalyan(West), Bhoiwada",19.237198499999998,73.1308719,ChIJFamxQdKV5zsRFVcCB5HjtRw,https://www.google.com/maps/place/?q=place_id:ChIJFamxQdKV5zsRFVcCB5HjtRw,part_136,2026-09-22 06:10:59,50711
Newprojectsindia.com,Businesses,Investment company,Investment company,421301,Maharashtra Circle,Navi Mumbai Region,Thane Division,"Kalyan D.C. S.O, Pimpaloli B.O, Kalyan City H.O",+91 91362 92729,http://newprojectsindia.com/,4.7,,"Sambhaji Nagar, Adharwadi, Khadakpada, Kalyan, Maharashtra 421301","Sambhaji Nagar, Adharwadi, Khadakpada",19.2527276,73.1290751,ChIJ28msFdqX5zsR5r8yeBGAHPA,https://www.google.com/maps/place/?q=place_id:ChIJ28msFdqX5zsR5r8yeBGAHPA,part_136,2026-09-22 06:10:59,50712
Trunex BPO Pvt Ltd,Businesses,Call center,Call center,421301,Maharashtra Circle,Navi Mumbai Region,Thane Division,"Kalyan D.C. S.O, Pimpaloli B.O, Kalyan City H.O",+91 93211 00206,https://www.trunexbpo.com/,5.0,,"Sapphire Building, 109, Kalyan, Maharashtra 421301","Sambhaji Nagar, Adharwadi, Khadakpada",19.2527276,73.1290751,ChIJc1bknNuX5zsRV1Y5cqIr-WU,https://www.google.com/maps/place/?q=place_id:ChIJc1bknNuX5zsRV1Y5cqIr-WU,part_136,2026-09-22 06:10:59,50713
ADHESION INDUSTRIES,Businesses,Manufacturer,Manufacturer,421301,Maharashtra Circle,Navi Mumbai Region,Thane Division,"Kalyan D.C. S.O, Pimpaloli B.O, Kalyan City H.O",N/A,N/A,,,"SARVODAY AFROZ, Sambhaji Nagar, Adharwadi, Khadakpada, Kalyan, Maharashtra 421301","Sambhaji Nagar, Adharwadi, Khadakpada",19.2527276,73.1290751,ChIJ21fxRB2X5zsRhr5xJtX7Rjg,https://www.google.com/maps/place/?q=place_id:ChIJ21fxRB2X5zsRhr5xJtX7Rjg,part_136,2026-09-22 06:10:59,50714
Softtech,Businesses,Software company,"Software company, Apartment building, Service establishment",421301,Maharashtra Circle,Navi Mumbai Region,Thane Division,"Kalyan D.C. S.O, Pimpaloli B.O, Kalyan City H.O",N/A,N/A,4.1,,"Softtech, 421301, India",421301,19.0394723,73.21836739999999,ChIJvy1zLH2W5zsRQl4QUUPLY0Y,https://www.google.com/maps/place/?q=place_id:ChIJvy1zLH2W5zsRQl4QUUPLY0Y,part_136,2026-09-22 06:10:59,50715
Baazaronline Business Solutions India Private Limited,Businesses,E-commerce service,"E-commerce service, Service establishment",421301,Maharashtra Circle,Navi Mumbai Region,Thane Division,"Kalyan D.C. S.O, Pimpaloli B.O, Kalyan City H.O",+91 99874 26595,N/A,4.8,,"Baazaronline Business Solutions India Private Limited, 421301, India",421301,21.0680074,82.7525294,ChIJaSFnMyKU5zsRlELyxEevFmc,https://www.google.com/maps/place/?q=place_id:ChIJaSFnMyKU5zsRlELyxEevFmc,part_136,2026-09-22 06:10:59,50716
Jaipraj Engineering Company,Businesses,Corporate office,Corporate office,421301,Maharashtra Circle,Navi Mumbai Region,Thane Division,"Kalyan D.C. S.O, Pimpaloli B.O, Kalyan City H.O",+91 99670 17366,http://jaiprajengineering.com/,,,"9, Mangeshdham Tower Chs, Gaikar pada, Bhiwandi - Murbad Rd, near Golden Park, Kalyan West, Kalyan, Maharashtra 421301",Kalyan West,19.2521801,73.1298879,ChIJq6pqpX6W5zsRM6GqRUiD9QA,https://www.google.com/maps/place/?q=place_id:ChIJq6pqpX6W5zsRM6GqRUiD9QA,part_136,2026-09-22 06:10:59,50717
All 2 business,Businesses,Dacia dealer,Dacia dealer,421301,Maharashtra Circle,Navi Mumbai Region,Thane Division,"Kalyan D.C. S.O, Pimpaloli B.O, Kalyan City H.O",N/A,N/A,,,"Sambhaji Nagar, Adharwadi, Khadakpada, Kalyan, Maharashtra 421301","Sambhaji Nagar, Adharwadi, Khadakpada",19.2527276,73.1290751,ChIJCeDanC2X5zsR-1ik89E50_Y,https://www.google.com/maps/place/?q=place_id:ChIJCeDanC2X5zsR-1ik89E50_Y,part_136,2026-09-22 06:10:59,50718
datafinary,Businesses,Database Management Company,Database Management Company,421301,Maharashtra Circle,Navi Mumbai Region,Thane Division,"Kalyan D.C. S.O, Pimpaloli B.O, Kalyan City H.O",N/A,N/A,,,"godrej, Sambhaji Nagar, Adharwadi, Khadakpada, Kalyan, Maharashtra 421301","Sambhaji Nagar, Adharwadi, Khadakpada",19.2527276,73.1290751,ChIJP7rkLd-X5zsR_5LBGRm0GNc,https://www.google.com/maps/place/?q=place_id:ChIJP7rkLd-X5zsR_5LBGRm0GNc,part_136,2026-09-22 06:10:59,50719
Business Vista | Bharat Vishe Business Coach,Businesses,Business management consultant,"Business management consultant, Training center",421301,Maharashtra Circle,Navi Mumbai Region,Thane Division,"Kalyan D.C. S.O, Pimpaloli B.O, Kalyan City H.O",+91 77229 67722,http://www.bharatvishe.com/,5.0,10.0,"Plot 13,Building C, 25, near Aayush Multispeciality Hospital, Radha Nagar, Khadakpada, Kalyan, Maharashtra 421301","Radha Nagar, Khadakpada",19.2563542,73.13827739999999,ChIJ_-wArd2X5zsRenJg_8cR6O4,https://www.google.com/maps/place/?q=place_id:ChIJ_-wArd2X5zsRenJg_8cR6O4,part_136,2026-09-22 06:10:59,50720
Parasight Solutions – Website Development & Online Business Solutions,Businesses,Software company,"Software company, Computer support and services, Web hosting company, Website designer",421301,Maharashtra Circle,Navi Mumbai Region,Thane Division,"Kalyan D.C. S.O, Pimpaloli B.O, Kalyan City H.O",+91 99200 44336,https://parasightsolutions.com/,4.6,35.0,"310, Shreeji Solitaire Kalyan-Ahmednagar- Pathardi, Nanded Highway, Khadakpada, Kalyan, Maharashtra 421301",Khadakpada,19.252984899999998,73.13664539999999,ChIJT5RhVimU5zsRhUzvZYIwiNw,https://www.google.com/maps/place/?q=place_id:ChIJT5RhVimU5zsRhUzvZYIwiNw,part_136,2026-09-22 06:10:59,50721
Corient Business Solutions Pvt Limited,Businesses,Accounting firm,Accounting firm,421301,Maharashtra Circle,Navi Mumbai Region,Thane Division,"Kalyan D.C. S.O, Pimpaloli B.O, Kalyan City H.O",+91 86557 70300,https://corientbs.com/,4.9,9.0,"3rd Floor, Sarvoday Mall, Kalyan - Shilphata Rd, near Patri Pool, Bhanunagar Kalyan(West), Kalyan West, Kalyan, Maharashtra 421301","Bhanunagar Kalyan(West), Kalyan West",19.2347201,73.1223287,ChIJjcLJkbCV5zsRK2Tvjv3wOw4,https://www.google.com/maps/place/?q=place_id:ChIJjcLJkbCV5zsRK2Tvjv3wOw4,part_136,2026-09-22 06:10:59,50722
Anantam Infotech Private Limited,Businesses,Software company,Software company,421301,Maharashtra Circle,Navi Mumbai Region,Thane Division,"Kalyan D.C. S.O, Pimpaloli B.O, Kalyan City H.O",N/A,https://www.anantaminfotech.com/,5.0,4.0,"Office No 302, 3rd Floor, Shreeji Solitaire, Khadakpada Cir, Khadakpada, Kalyan, Maharashtra 421301",Khadakpada,19.253130199999998,73.1363653,ChIJJf_aixeX5zsRzDHasv6ZMLQ,https://www.google.com/maps/place/?q=place_id:ChIJJf_aixeX5zsRzDHasv6ZMLQ,part_136,2026-09-22 06:10:59,50723
ONLINE SERVICES,Businesses,Computer support and services,Computer support and services,421301,Maharashtra Circle,Navi Mumbai Region,Thane Division,"Kalyan D.C. S.O, Pimpaloli B.O, Kalyan City H.O",+91 98331 65672,N/A,4.9,50.0,"Bldg NO6/604, 742H+J6H Indraprastha Complex, near Adharwadi Road, Kalyan(W), Tilak Nagar, Kalyan, Maharashtra 421301","Kalyan(W), Tilak Nagar",19.251476099999998,73.1276622,ChIJk8OxRHmW5zsRJbLSb6IDaFQ,https://www.google.com/maps/place/?q=place_id:ChIJk8OxRHmW5zsRJbLSb6IDaFQ,part_136,2026-09-22 06:10:59,50724
Abuzz Webtech Private Limited,Businesses,Software company,Software company,421301,Maharashtra Circle,Navi Mumbai Region,Thane Division,"Kalyan D.C. S.O, Pimpaloli B.O, Kalyan City H.O",+91 88501 35661,https://abuzzwebtech.com/,4.3,12.0,"2nd Floor, Sawant Villa, Rambaug Lane Number 2, near swami samarth math, Rambaug, Kalyan, Maharashtra 421301",Rambaug,19.241908499999997,73.1354427,ChIJXemsVcy5wjsR-1CLlFzT-nU,https://www.google.com/maps/place/?q=place_id:ChIJXemsVcy5wjsR-1CLlFzT-nU,part_136,2026-09-22 06:11:00,50725
Sharp PMC - Professional Management Company,Businesses,Business management consultant,Business management consultant,421301,Maharashtra Circle,Navi Mumbai Region,Thane Division,"Kalyan D.C. S.O, Pimpaloli B.O, Kalyan City H.O",+91 79001 70419,https://sharppmc.com/,5.0,1.0,"Sarvoday Mall, G16, near Agra Road, Bhanunagar Kalyan(West), Kalyan West, Kalyan, Maharashtra 421301","Bhanunagar Kalyan(West), Kalyan West",19.234819599999998,73.12245759999999,ChIJpdxj5xIh3QgRFqbeBHHOAGw,https://www.google.com/maps/place/?q=place_id:ChIJpdxj5xIh3QgRFqbeBHHOAGw,part_136,2026-09-22 06:11:00,50726
K D Business Centre,Businesses,Business center,Business center,421301,Maharashtra Circle,Navi Mumbai Region,Thane Division,"Kalyan D.C. S.O, Pimpaloli B.O, Kalyan City H.O",N/A,N/A,5.0,1.0,"KD Business Centre, Jhulelal Chowk Rd, Godrej Hill, Khadakpada, Kalyan, Maharashtra 421301","Godrej Hill, Khadakpada",19.2623218,73.1448912,ChIJ2ZDWOwCX5zsREDFet1qGsxQ,https://www.google.com/maps/place/?q=place_id:ChIJ2ZDWOwCX5zsREDFet1qGsxQ,part_136,2026-09-22 06:11:00,50727
NRS BUSINESS SOLUTIONS LAB,Businesses,Diagnostic center,Diagnostic center,421301,Maharashtra Circle,Navi Mumbai Region,Thane Division,"Kalyan D.C. S.O, Pimpaloli B.O, Kalyan City H.O",+91 87792 86311,https://nrs-business-solutions.grexa.site/,5.0,44.0,"Shop No 03, ADITYA LUXURIA, SHUBHANKAR CO-OPERATIVE HOUSING SOCIETY, Santoshi Mata Rd, Joshibaug, Kalyan, Maharashtra 421301",Joshibaug,19.241406899999998,73.13290909999999,ChIJ07KDzuWV5zsRepRQU-H7X88,https://www.google.com/maps/place/?q=place_id:ChIJ07KDzuWV5zsRepRQU-H7X88,part_136,2026-09-22 06:11:00,50728
ARK BUSINESS CONSULTANTS,Businesses,Accounting firm,Accounting firm,421301,Maharashtra Circle,Navi Mumbai Region,Thane Division,"Kalyan D.C. S.O, Pimpaloli B.O, Kalyan City H.O",+91 88794 16302,N/A,,,"MOHAN REGENCY, Jail Rd, Adharwadi, Khadakpada, Kalyan, Maharashtra 421301","Adharwadi, Khadakpada",19.259938,73.1273556,ChIJY7l4lJGX5zsRTUOl9Acv9Gc,https://www.google.com/maps/place/?q=place_id:ChIJY7l4lJGX5zsRTUOl9Acv9Gc,part_136,2026-09-22 06:11:00,50729
Eastman Dealer - Ansh Enterprises,Businesses,Battery Store,"Battery Store, Battery Wholesaler, Solar energy system service, Solar energy equipment supplier, Solar panel maintenance service",421301,Maharashtra Circle,Navi Mumbai Region,Thane Division,"Kalyan D.C. S.O, Pimpaloli B.O, Kalyan City H.O",+91 612 415 8121,https://eastman-dealers.eaplworld.com/near-me/kalyan/JijaMata-Colony/eastman-dealer-ansh-enterprises-in-JijaMata-Colony-kalyan--xSYdXV/home,,,"Shop No 12, Chandra Bhushan Plaza, Sahajanand Chowk, nearby Ramdev Hotel, JijaMata Colony, Kalyan, Maharashtra 421301",JijaMata Colony,19.2435728,73.1300167,ChIJ684lW7KV5zsRfPgF5sE2dFs,https://www.google.com/maps/place/?q=place_id:ChIJ684lW7KV5zsRfPgF5sE2dFs,part_136,2026-09-22 06:11:00,50730
Eastman Dealer - Shree Samath Krupa Enterprises,Businesses,Battery Store,"Battery Store, Battery Wholesaler, Solar energy system service, Solar energy equipment supplier, Solar panel maintenance service",421301,Maharashtra Circle,Navi Mumbai Region,Thane Division,"Kalyan D.C. S.O, Pimpaloli B.O, Kalyan City H.O",+91 80 6893 2454,https://eastmanbattery.in/,,,"H No 662, Kalyan-Murbad Rd, Bhanunagar Kalyan(West), Rayate, Bhoiwada, Kalyan, Maharashtra 421301","Bhanunagar Kalyan(West), Rayate, Bhoiwada",19.2391774,73.1301264,ChIJOxcI6WeV5zsRFEX4K_xwRag,https://www.google.com/maps/place/?q=place_id:ChIJOxcI6WeV5zsRFEX4K_xwRag,part_136,2026-09-22 06:11:00,50731
Star Trading Company(pluming & Hardware),Businesses,Building materials supplier,Building materials supplier,421302,Maharashtra Circle,Navi Mumbai Region,Thane Division,"Dandekarwadi S.O, Amane B.O, Angaon B.O",+91 91689 21540,N/A,5.0,3.0,"Dargah Rd, opp. Masjid E Qdaeem samru baug, Kahjoor Pura, Bhiwandi, Maharashtra 421303",Kahjoor Pura,19.2963605,73.0505603,ChIJ3_5IpIC95zsRayQmxVzU0dI,https://www.google.com/maps/place/?q=place_id:ChIJ3_5IpIC95zsRayQmxVzU0dI,part_136,2026-09-22 06:11:36,55012
Majestic Industries,Businesses,Manufacturer,Manufacturer,421302,Maharashtra Circle,Navi Mumbai Region,Thane Division,"Dandekarwadi S.O, Amane B.O, Angaon B.O",N/A,N/A,5.0,3.0,"5, near BABA, Pogaon, Bhiwandi, Maharashtra 421302",Pogaon,19.320252999999997,73.089208,ChIJ31eITgCX5zsRxQdfsxsBnJk,https://www.google.com/maps/place/?q=place_id:ChIJ31eITgCX5zsRxQdfsxsBnJk,part_136,2026-09-22 06:11:36,55013
G.N ENGINEERING WOKRS,Businesses,Manufacturer,Manufacturer,421302,Maharashtra Circle,Navi Mumbai Region,Thane Division,"Dandekarwadi S.O, Amane B.O, Angaon B.O",+91 98904 46594,N/A,,,"BALA COMPOUND, Vanjar Patti Naka, Avachit Pada, Bhiwandi, Maharashtra 421302","Vanjar Patti Naka, Avachit Pada",19.3067219,73.0654948,ChIJJVORNMW95zsRcL9FqiuXNW4,https://www.google.com/maps/place/?q=place_id:ChIJJVORNMW95zsRcL9FqiuXNW4,part_136,2026-09-22 06:11:36,55014
GCPL Bhiwandi RWH & CFA,Businesses,Warehouse,Warehouse,421302,Maharashtra Circle,Navi Mumbai Region,Thane Division,"Dandekarwadi S.O, Amane B.O, Angaon B.O",N/A,N/A,4.2,5.0,"9428+G2X, Amane, Vadpa, Maharashtra 421302",421302,19.3511722,73.1146698,ChIJYaBfGwCZ5zsRxPKITNho4UE,https://www.google.com/maps/place/?q=place_id:ChIJYaBfGwCZ5zsRxPKITNho4UE,part_136,2026-09-22 06:11:36,55015
H A Steel,Businesses,Steel fabricator,Steel fabricator,421302,Maharashtra Circle,Navi Mumbai Region,Thane Division,"Dandekarwadi S.O, Amane B.O, Angaon B.O",N/A,N/A,4.0,1.0,"835F+F4R, Avachit Pada, Bhiwandi, Maharashtra 421302",Avachit Pada,19.3087288,73.07277909999999,ChIJnYTZC1W95zsRv0a4CKHU3bc,https://www.google.com/maps/place/?q=place_id:ChIJnYTZC1W95zsRv0a4CKHU3bc,part_136,2026-09-22 06:11:36,55016
Panasonic life solutions pvt ltd. Vadpe,Businesses,Warehouse,Warehouse,421302,Maharashtra Circle,Navi Mumbai Region,Thane Division,"Dandekarwadi S.O, Amane B.O, Angaon B.O",N/A,N/A,3.5,12.0,"84W9+693, Mumbai - Nashik Expy, Bhiwandi, Vadpa, Maharashtra 421302",421302,19.3467934,73.1182455,ChIJ3ay6zUCZ5zsR4-7QJamCvIE,https://www.google.com/maps/place/?q=place_id:ChIJ3ay6zUCZ5zsR4-7QJamCvIE,part_136,2026-09-22 06:11:36,55017
"Hiranandani Industrial Parks, Pogaon, Bhiwandi",Businesses,Warehouse,Warehouse,421302,Maharashtra Circle,Navi Mumbai Region,Thane Division,"Dandekarwadi S.O, Amane B.O, Angaon B.O",+91 75500 78994,https://hiranandaniindustrialparks.com/parks/hiranandani-bhiwandi/,4.3,26.0,"Survey no 33, Blinkit M12, Pogaon, Bhiwandi, Maharashtra 421302",Pogaon,19.3185598,73.0956202,ChIJT2ILczOX5zsRRh5qHeEmkfg,https://www.google.com/maps/place/?q=place_id:ChIJT2ILczOX5zsRRh5qHeEmkfg,part_136,2026-09-22 06:11:36,55018
Mittal files & tools Ltd,Businesses,Tool manufacturer,Tool manufacturer,421302,Maharashtra Circle,Navi Mumbai Region,Thane Division,"Dandekarwadi S.O, Amane B.O, Angaon B.O",N/A,N/A,3.4,5.0,"839Q+36R, Chavindra, Bhiwandi, Maharashtra 421302",Chavindra,19.3177461,73.08802,ChIJbc91KemX5zsRbvrYHRyxcMk,https://www.google.com/maps/place/?q=place_id:ChIJbc91KemX5zsRbvrYHRyxcMk,part_136,2026-09-22 06:11:36,55019
INVIL CONSULTANTS AND TRADER PVT LTD,Businesses,Industrial real estate agency,Industrial real estate agency,421302,Maharashtra Circle,Navi Mumbai Region,Thane Division,"Dandekarwadi S.O, Amane B.O, Angaon B.O",N/A,N/A,4.4,9.0,"758k, Bhiwandi - Wada Rd, Shelar, Maharashtra 421302",Shelar,19.3173606,73.06514299999999,ChIJB1lj2xy95zsRRDtxnfPrdm8,https://www.google.com/maps/place/?q=place_id:ChIJB1lj2xy95zsRRDtxnfPrdm8,part_136,2026-09-22 06:11:36,55020
Reliance,Businesses,Warehouse,Warehouse,421302,Maharashtra Circle,Navi Mumbai Region,Thane Division,"Dandekarwadi S.O, Amane B.O, Angaon B.O",N/A,N/A,3.0,1.0,"9428+3HF, D6A, Tal, opposite Grand Bee Hotel, Vadpa, Bhiwandi, Maharashtra 421302",421302,19.350281499999998,73.11640799999999,ChIJR-LhEgCZ5zsRBlBi89QjIQM,https://www.google.com/maps/place/?q=place_id:ChIJR-LhEgCZ5zsRBlBi89QjIQM,part_136,2026-09-22 06:11:36,55021
K.Prakash Trading Co,Businesses,Manufacturer,Manufacturer,421302,Maharashtra Circle,Navi Mumbai Region,Thane Division,"Dandekarwadi S.O, Amane B.O, Angaon B.O",N/A,N/A,,,"8385+4M7, Khoni, Bhiwandi, Khoni, Maharashtra 421308",Khoni,19.315286399999998,73.0591625,ChIJJ5Y4fwC95zsRLHPwdLwKMhA,https://www.google.com/maps/place/?q=place_id:ChIJJ5Y4fwC95zsRLHPwdLwKMhA,part_136,2026-09-22 06:11:36,55022
Vivek rawate,Businesses,Housing complex,Housing complex,421302,Maharashtra Circle,Navi Mumbai Region,Thane Division,"Dandekarwadi S.O, Amane B.O, Angaon B.O",N/A,N/A,5.0,1.0,"93M3+776, Bhiwandi, Pilanze Khurd, Maharashtra 421302",421302,19.3831733,73.053151,ChIJq7ttXQCj5zsRE4vqgHkcJPY,https://www.google.com/maps/place/?q=place_id:ChIJq7ttXQCj5zsRE4vqgHkcJPY,part_136,2026-09-22 06:11:36,55023
N.G.Arcade,Businesses,Condominium complex,Condominium complex,421302,Maharashtra Circle,Navi Mumbai Region,Thane Division,"Dandekarwadi S.O, Amane B.O, Angaon B.O",N/A,N/A,3.8,13.0,"Besides, Shalina Height, Rd Number 2, Millat Nagar, Avachit Pada, Bhiwandi, Maharashtra 421302","Millat Nagar, Avachit Pada",19.3142738,73.0679936,ChIJ_8b2FkG95zsR9e2MrfgoUtQ,https://www.google.com/maps/place/?q=place_id:ChIJ_8b2FkG95zsR9e2MrfgoUtQ,part_136,2026-09-22 06:11:36,55024
IZHAAN ELEVATORS,Businesses,Elevator Manufacturer,Elevator Manufacturer,421302,Maharashtra Circle,Navi Mumbai Region,Thane Division,"Dandekarwadi S.O, Amane B.O, Angaon B.O",+91 97622 68865,N/A,4.9,50.0,"Nadi Naka Up Hotel, Avachit Pada, Bhiwandi, Maharashtra 421302",Avachit Pada,19.3137591,73.0651322,ChIJmzff02-95zsRqGFqh1pt8gI,https://www.google.com/maps/place/?q=place_id:ChIJmzff02-95zsRqGFqh1pt8gI,part_136,2026-09-22 06:11:37,55025
Sakharam Patil and Brothers,Businesses,Warehouse,Warehouse,421302,Maharashtra Circle,Navi Mumbai Region,Thane Division,"Dandekarwadi S.O, Amane B.O, Angaon B.O",+91 80975 34516,N/A,5.0,3.0,"20 Acre Table plot, Lamah interchange JNPT -VIRAR, Bhiwandi - Wada Rd, Bhiwandi, Maharashtra 421302",421302,19.3867722,73.07829579999999,ChIJ7yQ1qWSj5zsRGIUfUCdEto0,https://www.google.com/maps/place/?q=place_id:ChIJ7yQ1qWSj5zsRGIUfUCdEto0,part_136,2026-09-22 06:11:37,55026
Elmach Packages I Pvt. Ltd.,Businesses,Packaging company,"Packaging company, Manufacturer",421302,Maharashtra Circle,Navi Mumbai Region,Thane Division,"Dandekarwadi S.O, Amane B.O, Angaon B.O",+91 2522 286 300,http://www.elmach.com/,3.9,118.0,"Shree Rajlaxmi Textile Park, Bhiwandi, Maharashtra 421302",421302,19.3188408,73.0894247,ChIJxUgdPeKX5zsRGeMYY-0nRRQ,https://www.google.com/maps/place/?q=place_id:ChIJxUgdPeKX5zsRGeMYY-0nRRQ,part_136,2026-09-22 06:11:37,55027
FRK Bangalore Authentic Food,Businesses,Food manufacturer,Food manufacturer,421302,Maharashtra Circle,Navi Mumbai Region,Thane Division,"Dandekarwadi S.O, Amane B.O, Angaon B.O",+91 87677 97471,https://frkfoods.com/,5.0,20.0,"Gala No 3, Ground Floor, Gulistan Apartment, Nashik Rd, next to Alexis Hospital, Avachit Pada, Bhiwandi, Maharashtra 421302",Avachit Pada,19.3108051,73.069475,ChIJ_c8RnLW95zsRij-S07e2nvQ,https://www.google.com/maps/place/?q=place_id:ChIJ_c8RnLW95zsRij-S07e2nvQ,part_136,2026-09-22 06:11:37,55028
Id Fresh Foods India Pvt Limited,Businesses,Manufacturer,Manufacturer,421302,Maharashtra Circle,Navi Mumbai Region,Thane Division,"Dandekarwadi S.O, Amane B.O, Angaon B.O",+91 97399 10521,http://www.idfreshfood.com/,4.2,44.0,"Building No. B/6, Shree Rajlaxmi Textile Park, Village-Pogaon, Near Chavindra Octroi Naka, Bhiwandi. Dist: Thane, Maharashtra 421302",421302,19.3190258,73.0900958,ChIJnQGLMOKX5zsRpn7XNgpmmug,https://www.google.com/maps/place/?q=place_id:ChIJnQGLMOKX5zsRpn7XNgpmmug,part_136,2026-09-22 06:11:37,55029
N TEX (NAZIR TEXTILES),Businesses,Manufacturer,Manufacturer,421302,Maharashtra Circle,Navi Mumbai Region,Thane Division,"Dandekarwadi S.O, Amane B.O, Angaon B.O",N/A,N/A,4.8,33.0,"Chavindra, Bhiwandi, Maharashtra 421302",Chavindra,19.3183208,73.0767295,ChIJEQmVNVu95zsRdFKdL2vF6kQ,https://www.google.com/maps/place/?q=place_id:ChIJEQmVNVu95zsRdFKdL2vF6kQ,part_136,2026-09-22 06:11:37,55030
Admin Computer & Electronics,Businesses,Electronics store,Electronics store,421302,Maharashtra Circle,Navi Mumbai Region,Thane Division,"Dandekarwadi S.O, Amane B.O, Angaon B.O",N/A,N/A,4.9,15.0,"Avachit Pada, Bhiwandi, Maharashtra 421302",Avachit Pada,19.304048899999998,73.07042539999999,ChIJcSOXTZC95zsREPO84H9YKOA,https://www.google.com/maps/place/?q=place_id:ChIJcSOXTZC95zsREPO84H9YKOA,part_136,2026-09-22 06:11:37,55031
BCS Infotech,Businesses,Computer store,Computer store,421302,Maharashtra Circle,Navi Mumbai Region,Thane Division,"Dandekarwadi S.O, Amane B.O, Angaon B.O",+91 74981 61010,N/A,4.3,24.0,"Shop no.6 master mansion Near bagh e firdous masjid 4th nizampura, Bhiwandi, Maharashtra 421302","Quresh Nagar, Gokul Nagar",19.304055299999998,73.06506279999999,ChIJ7cN45Nm95zsR0mdafwnh8io,https://www.google.com/maps/place/?q=place_id:ChIJ7cN45Nm95zsR0mdafwnh8io,part_136,2026-09-22 06:11:37,55032
Prachiti Enterprises Prop. Leeladhar A. Mali,Businesses,Manufacturer,Manufacturer,421302,Maharashtra Circle,Navi Mumbai Region,Thane Division,"Dandekarwadi S.O, Amane B.O, Angaon B.O",+91 90110 77319,N/A,4.7,9.0,"VISHWABHARTI PHATA,KAWAD, Bhiwandi - Wada Rd, TAL, Bhiwandi, Maharashtra 421302",TAL,19.3432174,73.07246549999999,ChIJr82Etwqj5zsR-g1wd5xmVC8,https://www.google.com/maps/place/?q=place_id:ChIJr82Etwqj5zsR-g1wd5xmVC8,part_136,2026-09-22 06:11:37,55033
Stock Home Supply Chain LLP,Businesses,Warehouse,Warehouse,421302,Maharashtra Circle,Navi Mumbai Region,Thane Division,"Dandekarwadi S.O, Amane B.O, Angaon B.O",N/A,N/A,5.0,4.0,"D-7, Richland Commercial Hub, Vadpe , Bhiwandi, Maharashtra 421302",421302,19.3501485,73.1159026,ChIJ7Q8aU0qZ5zsRpcITODlEbts,https://www.google.com/maps/place/?q=place_id:ChIJ7Q8aU0qZ5zsRpcITODlEbts,part_136,2026-09-22 06:11:37,55034
SALGAR ADVOCATE'S & ASSOCIATES,Businesses,Legal services,"Legal services, Real estate attorney, Real estate consultant",421302,Maharashtra Circle,Navi Mumbai Region,Thane Division,"Dandekarwadi S.O, Amane B.O, Angaon B.O",+91 87664 04004,N/A,5.0,3.0,"Hari Nivas, Gokul Nagar Rd, opp. Vishnu niwas bldg, Kombadpada, Bhiwandi, Maharashtra 421308","Kombadpada, Gokul Nagar",19.3072747,73.0587242,ChIJ4ZQLEEG95zsRmrRDlxw_QnM,https://www.google.com/maps/place/?q=place_id:ChIJ4ZQLEEG95zsRmrRDlxw_QnM,part_136,2026-09-22 06:11:37,55035
JAYESH TRADING COMPANY BHIWANDI,Businesses,Warehouse,Warehouse,421302,Maharashtra Circle,Navi Mumbai Region,Thane Division,"Dandekarwadi S.O, Amane B.O, Angaon B.O",+91 93246 47001,http://www.jayeshgroup.com/,4.0,2.0,"Godown No 13-14, Aarihant complex, Kopar bus stop, Jayesh Trading Co. Shed 6, opp. sachdeva roadlines, Purne, Maharashtra 421302",Purna,19.252749899999998,73.02493729999999,ChIJDWFyZ7y95zsRhIwjcDtg6F0,https://www.google.com/maps/place/?q=place_id:ChIJDWFyZ7y95zsRhIwjcDtg6F0,part_136,2026-09-22 06:11:37,55036
LP (India) Logistics Pvt Ltd,Businesses,Warehouse,Warehouse,421302,Maharashtra Circle,Navi Mumbai Region,Thane Division,"Dandekarwadi S.O, Amane B.O, Angaon B.O",N/A,http://www.liladharpasoo.com/,4.4,40.0,"H5, Sumeet Warehousing, Village Kukse, Bhiwandi - 421302, thane, Maharashtra 421302",421302,19.337325699999997,73.13942999999999,ChIJRSMxaH6X5zsRfQ8PBV1eQDo,https://www.google.com/maps/place/?q=place_id:ChIJRSMxaH6X5zsRfQ8PBV1eQDo,part_136,2026-09-22 06:11:37,55037
FOUZI AND ASSOCIATES,Businesses,Real Estate Builders & Construction Company,Real Estate Builders & Construction Company,421302,Maharashtra Circle,Navi Mumbai Region,Thane Division,"Dandekarwadi S.O, Amane B.O, Angaon B.O",N/A,N/A,4.0,1.0,"73X7+JW5, Old Zakat Naka, Gokul Nagar, Bhiwandi, Maharashtra 421302","Old Zakat Naka, Gokul Nagar",19.2990068,73.0648624,ChIJ_0osEgC95zsRN5-R5QlfzBo,https://www.google.com/maps/place/?q=place_id:ChIJ_0osEgC95zsRN5-R5QlfzBo,part_136,2026-09-22 06:11:37,55038
Navkar Group,Businesses,Textile mill,Textile mill,421302,Maharashtra Circle,Navi Mumbai Region,Thane Division,"Dandekarwadi S.O, Amane B.O, Angaon B.O",N/A,http://www.siddhachalfab.com/,5.0,13.0,"raj rajeshwari compound, 196, Bhadwad Gaon, Saravali, Sonale, Gholgaon, Maharashtra 421302","Sonale, Bhadwad Gaon, Saravali",19.285376199999998,73.09270719999999,ChIJ9cUzBACX5zsRMFTYAgaP0h8,https://www.google.com/maps/place/?q=place_id:ChIJ9cUzBACX5zsRMFTYAgaP0h8,part_136,2026-09-22 06:11:37,55039
Balaji Complex Bhatale,Businesses,Storage facility,Storage facility,421302,Maharashtra Circle,Navi Mumbai Region,Thane Division,"Dandekarwadi S.O, Amane B.O, Angaon B.O",N/A,N/A,4.3,24.0,"Stoneage Complex, Mankoli-Bhatle, Road, Bhatale, Bhiwandi, Maharashtra 421302",Bhatale,19.241218699999997,73.0528552,ChIJFxHavvq95zsRL6auaySS8t8,https://www.google.com/maps/place/?q=place_id:ChIJFxHavvq95zsRL6auaySS8t8,part_136,2026-09-22 06:11:37,55040
Almaha Enterprises,Businesses,Clothing manufacturer,"Clothing manufacturer, Clothing wholesaler",421302,Maharashtra Circle,Navi Mumbai Region,Thane Division,"Dandekarwadi S.O, Amane B.O, Angaon B.O",+91 75076 71018,https://www.dibaru.in/,5.0,5.0,"Shop No 106 , Nasheman, zohra apartment, near Koter Gate Road, Old Zakat Naka, Masjid, Bhiwandi, Maharashtra 421302","Old Zakat Naka, Masjid",19.3002654,73.0613016,ChIJJym78zu95zsRDmmcNkBWqQM,https://www.google.com/maps/place/?q=place_id:ChIJJym78zu95zsRDmmcNkBWqQM,part_136,2026-09-22 06:11:37,55041
Connell Bros Company India Pvt Ltd,Businesses,Building materials store,Building materials store,421302,Maharashtra Circle,Navi Mumbai Region,Thane Division,"Dandekarwadi S.O, Amane B.O, Angaon B.O",+91 98205 61466,N/A,,,"172, Arun Compound Dari Mill Compound Purna Bhiwandi, Mumbai, Maharashtra 421302",Purna,19.263912299999998,73.0243354,ChIJZyfd6Ua85zsRel046EaFcvQ,https://www.google.com/maps/place/?q=place_id:ChIJZyfd6Ua85zsRel046EaFcvQ,part_136,2026-09-22 06:11:37,55042
MUNSHI LUNGI ( BHOPALI GROUP),Businesses,Office supply store,"Office supply store, Clothing store, Manufacturer, Store, Wholesaler",421302,Maharashtra Circle,Navi Mumbai Region,Thane Division,"Dandekarwadi S.O, Amane B.O, Angaon B.O",+91 93213 62333,http://www.munshilungi.com/,4.8,13.0,"356,Punjabi Compound,4rth, Nizampur, Bhiwandi, Maharashtra 421302","Nizampur, Avachit Pada",19.3053266,73.0670629,ChIJj74udmu95zsR-pL5Udj6LEA,https://www.google.com/maps/place/?q=place_id:ChIJj74udmu95zsR-pL5Udj6LEA,part_136,2026-09-22 06:11:37,55043
DSP Metalliks,Businesses,Scrap metal dealer,"Scrap metal dealer, Foundry, Junkyard, Metal industry suppliers, Metal processing company, Metal supplier, Metallurgy company, Recycling center, Kabadiwala & Scrap Merchant",421302,Maharashtra Circle,Navi Mumbai Region,Thane Division,"Dandekarwadi S.O, Amane B.O, Angaon B.O",+91 98217 16761,N/A,4.4,,"Off no 911, Above Gala no 44, Arihant compound, Mankoli - Anjurphata Rd, nr. Laxman katta, Val, Kailasnagar, Maharashtra 421302",Val,19.264346,73.0427394,ChIJceqhHLW95zsRJZU2dlbmEYo,https://www.google.com/maps/place/?q=place_id:ChIJceqhHLW95zsRJZU2dlbmEYo,part_136,2026-09-22 06:11:38,55044
Ocean Enclosures,Businesses,Electronic parts supplier,Electronic parts supplier,421302,Maharashtra Circle,Navi Mumbai Region,Thane Division,"Dandekarwadi S.O, Amane B.O, Angaon B.O",+91 98333 62121,http://www.oceanenclosures.com/,4.8,,"Ocean House, Near HDFC Bank Sonale, Gholgaon, Bhiwandi, off Mumbai - Nashik Expressway, Thane, Maharashtra 421302","Tare Compound, Bhadwad Gaon, Sonale Village",19.284211,73.1004729,ChIJvXxsRQ3I5zsRtQpcA6HmMBY,https://www.google.com/maps/place/?q=place_id:ChIJvXxsRQ3I5zsRtQpcA6HmMBY,part_136,2026-09-22 06:11:38,55045
Shree Sai Enterprises,Businesses,Manufacturer,Manufacturer,421303,Maharashtra Circle,Navi Mumbai Region,Palghar Division,"Wada S.O, Abitghar B.O, Alonde B.O",N/A,N/A,,,"Moj wada palghar, Maharashtra 401404",421303,19.6362211,73.2137332,ChIJsbYUmFxx5zsRaRHhpQyV0oM,https://www.google.com/maps/place/?q=place_id:ChIJsbYUmFxx5zsRaRHhpQyV0oM,part_136,2026-09-22 06:12:12,57596
Bajrang industries,Businesses,Manufacturer,Manufacturer,421303,Maharashtra Circle,Navi Mumbai Region,Palghar Division,"Wada S.O, Abitghar B.O, Alonde B.O",+91 63517 94525,N/A,5.0,,"Bajrang industries, Maharashtra, Shele, Maharashtra 421303",421303,19.6712036,73.2293542,ChIJUaqeaA5x5zsREQwAAl6cblc,https://www.google.com/maps/place/?q=place_id:ChIJUaqeaA5x5zsREQwAAl6cblc,part_136,2026-09-22 06:12:12,57597
"मोज गांव, वाडा - पालघर",Businesses,Villa,Villa,421303,Maharashtra Circle,Navi Mumbai Region,Palghar Division,"Wada S.O, Abitghar B.O, Alonde B.O",N/A,N/A,4.5,,"Moj, Maharashtra 421303",421303,19.6357011,73.21380909999999,ChIJgaNml-Fx5zsRt5hcXZTMwyc,https://www.google.com/maps/place/?q=place_id:ChIJgaNml-Fx5zsRt5hcXZTMwyc,part_136,2026-09-22 06:12:12,57598
Jijai farm,Businesses,Housing complex,Housing complex,421303,Maharashtra Circle,Navi Mumbai Region,Palghar Division,"Wada S.O, Abitghar B.O, Alonde B.O",N/A,N/A,5.0,,"J6PC+9JP, Bilghar, Maharashtra 421303",421303,19.6359687,73.2215895,ChIJFWFJZMVx5zsRF7V7uzRNYL0,https://www.google.com/maps/place/?q=place_id:ChIJFWFJZMVx5zsRF7V7uzRNYL0,part_136,2026-09-22 06:12:12,57599
Patare pada,Businesses,Housing society,Housing society,421303,Maharashtra Circle,Navi Mumbai Region,Palghar Division,"Wada S.O, Abitghar B.O, Alonde B.O",N/A,N/A,5.0,,"M63C+957, Kapari, Maharashtra 421303",421303,19.653416,73.22041349999999,ChIJ2YCdDwBx5zsR3Nmb_VkwxAQ,https://www.google.com/maps/place/?q=place_id:ChIJ2YCdDwBx5zsR3Nmb_VkwxAQ,part_136,2026-09-22 06:12:12,57600
Shree mauli enterprise Balivali,Businesses,Housing complex,Housing complex,421303,Maharashtra Circle,Navi Mumbai Region,Palghar Division,"Wada S.O, Abitghar B.O, Alonde B.O",N/A,N/A,5.0,,"M676+JH, Balivali, Maharashtra 421303",421303,19.6641095,73.2114349,ChIJ15aRagBx5zsRp8x561Lef1w,https://www.google.com/maps/place/?q=place_id:ChIJ15aRagBx5zsRp8x561Lef1w,part_136,2026-09-22 06:12:12,57601
केशव सदन,Businesses,Apartment building,Apartment building,421303,Maharashtra Circle,Navi Mumbai Region,Palghar Division,"Wada S.O, Abitghar B.O, Alonde B.O",N/A,N/A,5.0,,"J6PF+J46, Bilghar, Maharashtra 421303",421303,19.6364698,73.2225952,ChIJE4wLBQBx5zsR6JASbWl1iGI,https://www.google.com/maps/place/?q=place_id:ChIJE4wLBQBx5zsR6JASbWl1iGI,part_136,2026-09-22 06:12:12,57602
Nakshatra Farm,Businesses,Apartment building,Apartment building,421303,Maharashtra Circle,Navi Mumbai Region,Palghar Division,"Wada S.O, Abitghar B.O, Alonde B.O",N/A,N/A,5.0,,"J6PC+PW8, Bilghar, Maharashtra 421303",421303,19.6367927,73.22233899999999,ChIJvbChgLRx5zsRc_YuH9iA2wM,https://www.google.com/maps/place/?q=place_id:ChIJvbChgLRx5zsRc_YuH9iA2wM,part_136,2026-09-22 06:12:12,57603
Kumar Agro Foods,Businesses,Food manufacturer,Food manufacturer,421303,Maharashtra Circle,Navi Mumbai Region,Palghar Division,"Wada S.O, Abitghar B.O, Alonde B.O",+91 91374 79137,http://www.kumarfoods.com/,4.2,,"Kumar Compound, Soanshiv Village Tilsa Road, Dist, Tal, Vada, Maharashtra 421303",Tal,19.667984,73.1845092,ChIJVdo8Krtx5zsR8GFMcbpQPhc,https://www.google.com/maps/place/?q=place_id:ChIJVdo8Krtx5zsR8GFMcbpQPhc,part_136,2026-09-22 06:12:12,57604
Prashant kadu,Businesses,Housing development,Housing development,421303,Maharashtra Circle,Navi Mumbai Region,Palghar Division,"Wada S.O, Abitghar B.O, Alonde B.O",N/A,N/A,,,"Varsale(kadupada),Parali, Palghar,Wada, Maharashtra,421303 Varsale, Parali, Vada, Maharashtra 421303",421303,19.7149504,73.2336231,ChIJXVoSeQBx5zsRXU14SbBCrvY,https://www.google.com/maps/place/?q=place_id:ChIJXVoSeQBx5zsRXU14SbBCrvY,part_136,2026-09-22 06:12:12,57605
Olympio Plot,Businesses,Housing complex,Housing complex,421303,Maharashtra Circle,Navi Mumbai Region,Palghar Division,"Wada S.O, Abitghar B.O, Alonde B.O",N/A,N/A,3.0,,"M6F9+6J5, Dhapad, Maharashtra 421303",421303,19.6730111,73.2190997,ChIJrZqvzgJx5zsRrTfmic0P6Pg,https://www.google.com/maps/place/?q=place_id:ChIJrZqvzgJx5zsRrTfmic0P6Pg,part_136,2026-09-22 06:12:12,57606
Nitesh,Businesses,Housing development,Housing development,421303,Maharashtra Circle,Navi Mumbai Region,Palghar Division,"Wada S.O, Abitghar B.O, Alonde B.O",N/A,N/A,,,"J6XP+P5M, Khardi-Kalambhe-Wada Road, Sonale Kh., Maharashtra 421303",421303,19.6493391,73.2354287,ChIJEUseKABx5zsRboJNUGQp1-s,https://www.google.com/maps/place/?q=place_id:ChIJEUseKABx5zsRboJNUGQp1-s,part_136,2026-09-22 06:12:12,57607
Jitendra Tare house,Businesses,Housing complex,Housing complex,421303,Maharashtra Circle,Navi Mumbai Region,Palghar Division,"Wada S.O, Abitghar B.O, Alonde B.O",N/A,N/A,5.0,,"M632+V4P, Shirsad, Maharashtra 421303",421303,19.6546479,73.2003045,ChIJe8qVPgBx5zsR4JmpWcbd548,https://www.google.com/maps/place/?q=place_id:ChIJe8qVPgBx5zsR4JmpWcbd548,part_136,2026-09-22 06:12:12,57608
Purple Lotus,Businesses,Villa,Villa,421303,Maharashtra Circle,Navi Mumbai Region,Palghar Division,"Wada S.O, Abitghar B.O, Alonde B.O",+91 87799 85007,N/A,4.7,,"Vada, Shirsad, Maharashtra 421303",421303,19.653575999999997,73.208252,ChIJZ8gpEhdx5zsRZ0SsW_5Tk8E,https://www.google.com/maps/place/?q=place_id:ChIJZ8gpEhdx5zsRZ0SsW_5Tk8E,part_136,2026-09-22 06:12:12,57609
Synergia Life Sciences Pvt Ltd,Businesses,Manufacturer,Manufacturer,421303,Maharashtra Circle,Navi Mumbai Region,Palghar Division,"Wada S.O, Abitghar B.O, Alonde B.O",+91 85588 99519,http://www.synergialifesciences.com/,4.9,,"J4CF+6R6, Palghar, Gates(b), Maharashtra 421303",421303,19.6205391,73.1245064,ChIJ5QPWcXdz5zsRIDV4fyrjstk,https://www.google.com/maps/place/?q=place_id:ChIJ5QPWcXdz5zsRIDV4fyrjstk,part_136,2026-09-22 06:12:13,57610
Adv.Aniket Salve,Businesses,Lawyer,"Lawyer, Legal services",421303,Maharashtra Circle,Navi Mumbai Region,Palghar Division,"Wada S.O, Abitghar B.O, Alonde B.O",+91 78752 84567,N/A,5.0,,"ground floor, Salve Association, Naik complex, tal, near bhaji market, Vada, Maharashtra 421303",421303,19.6537322,73.1479434,ChIJKYTIGs1z5zsRqY-o4UMl5T0,https://www.google.com/maps/place/?q=place_id:ChIJKYTIGs1z5zsRqY-o4UMl5T0,part_136,2026-09-22 06:12:13,57611
SRS Formulations Pvt Ltd,Businesses,Manufacturer,Manufacturer,421303,Maharashtra Circle,Navi Mumbai Region,Palghar Division,"Wada S.O, Abitghar B.O, Alonde B.O",+91 96582 32178,N/A,4.4,,"Plot No. 10/2, Vijaypur, Post, Kone, Vada, Maharashtra 421303",421303,19.6196657,73.1458119,ChIJ-WxygDNz5zsRJXhkfKpSleI,https://www.google.com/maps/place/?q=place_id:ChIJ-WxygDNz5zsRJXhkfKpSleI,part_136,2026-09-22 06:12:13,57612
Evergreen Recyclekaro India Private Limited,Businesses,Recycling center,Recycling center,421303,Maharashtra Circle,Navi Mumbai Region,Palghar Division,"Wada S.O, Abitghar B.O, Alonde B.O",+91 99673 10007,http://www.recyclekaro.com/,4.7,,"Taluka Vikramgad, Apti Kh., Maharashtra 421303",421303,19.6818915,73.0705947,ChIJZehCT-UN5zsR8IZnJy_3TrY,https://www.google.com/maps/place/?q=place_id:ChIJZehCT-UN5zsR8IZnJy_3TrY,part_136,2026-09-22 06:12:13,57613
SaffronStays Dhyana Nithyam Ekaant - 8 BDR cluster villas in Palghar,Businesses,Villa,Villa,421303,Maharashtra Circle,Navi Mumbai Region,Palghar Division,"Wada S.O, Abitghar B.O, Alonde B.O",+91 80 6916 0000,https://saffronstays.in/view/dhyanaekaantnithyam-8-bedroom-petfriendly-villawithprivatepools-in-vikramgad--palghar-near-mumbai-iimj0HCoymAmYT30?adults=16&children=&infants=&rooms=8&checkin=&checkout=&coupon=,4.8,,"Plot No-22, Taluka:, near Trillium Hospitalities, Malwada, Vikramgad, Maharashtra 421303",421303,19.7322193,73.1519248,ChIJuT7Zr69t5zsRsEnjN_TM4wc,https://www.google.com/maps/place/?q=place_id:ChIJuT7Zr69t5zsRsEnjN_TM4wc,part_136,2026-09-22 06:12:13,57614
Topalepada टोपलेपाडा,Businesses,Housing society,Housing society,421303,Maharashtra Circle,Navi Mumbai Region,Palghar Division,"Wada S.O, Abitghar B.O, Alonde B.O",N/A,N/A,4.0,,"Q52P+75X, Vada, Gargaon, Maharashtra 421303",421303,19.7507277,73.1854989,ChIJ7WE44Lpv5zsRuRXDwCbma98,https://www.google.com/maps/place/?q=place_id:ChIJ7WE44Lpv5zsRuRXDwCbma98,part_136,2026-09-22 06:12:13,57615
Consite Engineering Company Ltd.,Businesses,Company,Company,421303,Maharashtra Circle,Navi Mumbai Region,Palghar Division,"Wada S.O, Abitghar B.O, Alonde B.O",+91 22 2528 1689,https://www.consite.in/,3.8,,"J48F+WHV, Bhiwandi - Wada Rd, Pahunipada, Gates(b), Maharashtra 421303",Pahunipada,19.6173546,73.1239272,ChIJ13CCJX1z5zsRPSaw6pP-NIQ,https://www.google.com/maps/place/?q=place_id:ChIJ13CCJX1z5zsRPSaw6pP-NIQ,part_136,2026-09-22 06:12:13,57616
Sai sadan,Businesses,Apartment building,Apartment building,421303,Maharashtra Circle,Navi Mumbai Region,Palghar Division,"Wada S.O, Abitghar B.O, Alonde B.O",N/A,N/A,5.0,,"M54X+93C, Shirsad, Maharashtra 421303",421303,19.655925699999997,73.1976482,ChIJ09c2xA5x5zsR70hROURGmpI,https://www.google.com/maps/place/?q=place_id:ChIJ09c2xA5x5zsR70hROURGmpI,part_136,2026-09-22 06:12:13,57617
Dhapad wada land,Businesses,Farm,Farm,421303,Maharashtra Circle,Navi Mumbai Region,Palghar Division,"Wada S.O, Abitghar B.O, Alonde B.O",N/A,N/A,,,"M6F9+RJ7, Dhapad, Maharashtra 421303",421303,19.67454,73.2190318,ChIJWc6wPQBx5zsRvOs_7WriyFk,https://www.google.com/maps/place/?q=place_id:ChIJWc6wPQBx5zsRvOs_7WriyFk,part_136,2026-09-22 06:12:13,57618
Yumient kuteer,Businesses,Housing society,Housing society,421303,Maharashtra Circle,Navi Mumbai Region,Palghar Division,"Wada S.O, Abitghar B.O, Alonde B.O",N/A,N/A,5.0,,"M623+8C, Tilsa, Shirsad, Maharashtra 421303",421303,19.6508395,73.20354309999999,ChIJmVmotntx5zsRYFYo6571Nqs,https://www.google.com/maps/place/?q=place_id:ChIJmVmotntx5zsRYFYo6571Nqs,part_136,2026-09-22 06:12:13,57619
Parth Steel & Engineering Company (Factory),Businesses,Stainless steel plant,"Stainless steel plant, Metal industry suppliers, Metal supplier",421303,Maharashtra Circle,Navi Mumbai Region,Palghar Division,"Wada S.O, Abitghar B.O, Alonde B.O",+91 98929 90557,https://www.parthsteel.com/,4.5,,"S. No. 5, S. 36/3/3/2, H. No. 9, S No. 39/A/7, H No. 20 S No. 39/A/8/1, H No. 21, Village Kaivali Sonar Pada, Road, Taluka, Vada, Maharashtra 421303",Taluka,19.6614179,73.131712,ChIJ01SbXr1z5zsR7TVcJxosx0E,https://www.google.com/maps/place/?q=place_id:ChIJ01SbXr1z5zsR7TVcJxosx0E,part_136,2026-09-22 06:12:13,57620
Sonale kh,Businesses,Housing complex,Housing complex,421303,Maharashtra Circle,Navi Mumbai Region,Palghar Division,"Wada S.O, Abitghar B.O, Alonde B.O",N/A,N/A,,,"J6XM+PRR, Sonale Kh., Maharashtra 421303",421303,19.6493617,73.23451519999999,ChIJywEaGgBx5zsRViBkcj0vJtY,https://www.google.com/maps/place/?q=place_id:ChIJywEaGgBx5zsRViBkcj0vJtY,part_136,2026-09-22 06:12:13,57621
Om sai aluminium and glass,Businesses,Manufacturer,Manufacturer,421303,Maharashtra Circle,Navi Mumbai Region,Palghar Division,"Wada S.O, Abitghar B.O, Alonde B.O",+91 90282 64219,N/A,4.8,,"PWC5+G27, Parijat Nagar, Manor, Maharashtra 401403",Parijat Nagar,19.7213139,72.907551,ChIJdf2FcAAR5zsRNpymme-1f8Y,https://www.google.com/maps/place/?q=place_id:ChIJdf2FcAAR5zsRNpymme-1f8Y,part_136,2026-09-22 06:12:14,57622
Perfect metal industries,Businesses,Auto market,Auto market,421303,Maharashtra Circle,Navi Mumbai Region,Palghar Division,"Wada S.O, Abitghar B.O, Alonde B.O",N/A,http://www.perfectmetalindustries.com/,4.6,,"Plot no 4 gut no 225 kudus, road, Devghar, Maharashtra 421312",421303,19.5432766,73.07629709999999,ChIJ61lR5mEL5zsRUXch7EF_mLQ,https://www.google.com/maps/place/?q=place_id:ChIJ61lR5mEL5zsRUXch7EF_mLQ,part_136,2026-09-22 06:12:14,57623
Link Solutions,Businesses,Software company,Software company,421305,Maharashtra Circle,Navi Mumbai Region,Thane Division,Vidyashram S.O,+91 98349 46368,https://www.linksolutions.in/,4.3,,"Shop No. S39, S40, B-Wing, 1st Floor, Saileela Apartment, next to Birju Pav Bhaji, Dhamankar Naka, Bhiwandi, Maharashtra 421305","Dhamankar Naka, Padma Nagar",19.288377999999998,73.0558325,ChIJ6dQ7rgm95zsRNAowu34ujN8,https://www.google.com/maps/place/?q=place_id:ChIJ6dQ7rgm95zsRNAowu34ujN8,part_136,2026-09-22 06:12:47,59370
NUTBURY INDUSTRIES,Businesses,Food Processing Company,Food Processing Company,421305,Maharashtra Circle,Navi Mumbai Region,Thane Division,Vidyashram S.O,+91 98201 22555,N/A,4.5,,"A-11, Plot no2,3, &4, Nutbury Industries, Parasnath Complex, Pooja Traders, Ovali, Bhiwandi, Maharashtra 421305",Ovali,19.2807009,73.0537141,ChIJB-yg7re95zsRuuZWDNJqvVU,https://www.google.com/maps/place/?q=place_id:ChIJB-yg7re95zsRuuZWDNJqvVU,part_136,2026-09-22 06:12:47,59371
SR BUSINESS SOLUTIONS PVT. LTD.,Businesses,Corporate office,Corporate office,421305,Maharashtra Circle,Navi Mumbai Region,Thane Division,Vidyashram S.O,N/A,N/A,,,"Office no 403 4th floor, city center, Dhamankar Naka, Samad Nagar, Padma Nagar, Bhiwandi, Maharashtra 421305","Dhamankar Naka, Samad Nagar, Padma Nagar",19.2906484,73.05680559999999,ChIJJSG4zse95zsRUT83aKKcsHU,https://www.google.com/maps/place/?q=place_id:ChIJJSG4zse95zsRUT83aKKcsHU,part_136,2026-09-22 06:12:47,59372
Ambika synthetic,Businesses,Warehouse,Warehouse,421305,Maharashtra Circle,Navi Mumbai Region,Thane Division,Vidyashram S.O,N/A,N/A,5.0,,"383 kaneri,jain compound kubera hotel wali gally, Bhiwandi, Maharashtra 421305","Dhamankar Naka, Padma Nagar",19.286119499999998,73.0562987,ChIJeaY8gc-95zsR8Mn36vf13jM,https://www.google.com/maps/place/?q=place_id:ChIJeaY8gc-95zsR8Mn36vf13jM,part_136,2026-09-22 06:12:47,59373
D. Mahesh and company,Businesses,Corporate office,Corporate office,421305,Maharashtra Circle,Navi Mumbai Region,Thane Division,Vidyashram S.O,+91 96645 46199,N/A,4.0,,"Narpoli, Bhiwandi, Maharashtra 421305",Narpoli,19.2822325,73.04925589999999,ChIJdU7xhgS95zsRYWqnxVTcqTg,https://www.google.com/maps/place/?q=place_id:ChIJdU7xhgS95zsRYWqnxVTcqTg,part_136,2026-09-22 06:12:47,59374
Khedkar building,Businesses,Housing society,Housing society,421305,Maharashtra Circle,Navi Mumbai Region,Thane Division,Vidyashram S.O,N/A,N/A,3.6,,"Khedkar Building, Chandan Baugh, Bharat Colony, Bhiwandi, Maharashtra 421305","Chandan Baugh, Bharat Colony",19.281209,73.053434,ChIJL0CkHQC95zsRNGHA9jRJglA,https://www.google.com/maps/place/?q=place_id:ChIJL0CkHQC95zsRNGHA9jRJglA,part_136,2026-09-22 06:12:47,59375
BHIWANDI EAST,Businesses,Housing complex,Housing complex,421305,Maharashtra Circle,Navi Mumbai Region,Thane Division,Vidyashram S.O,N/A,N/A,4.3,,"73M4+MV8, East, Bhiwandi, Maharashtra 421305",East,19.2841543,73.0572172,ChIJS07gHcG95zsRcQquEJG_mzY,https://www.google.com/maps/place/?q=place_id:ChIJS07gHcG95zsRcQquEJG_mzY,part_136,2026-09-22 06:12:47,59376
Bhavani steel fabrication,Businesses,Stainless steel plant,Stainless steel plant,421305,Maharashtra Circle,Navi Mumbai Region,Thane Division,Vidyashram S.O,N/A,N/A,5.0,,"Old gani compound, Dhamankar Naka, Bhiwandi, Maharashtra 421305","Dhamankar Naka, Kamatghar",19.285728499999998,73.052505,ChIJH0m8sue95zsR0D7spJURAyY,https://www.google.com/maps/place/?q=place_id:ChIJH0m8sue95zsR0D7spJURAyY,part_136,2026-09-22 06:12:47,59377
Engineers House,Businesses,Apartment building,Apartment building,421305,Maharashtra Circle,Navi Mumbai Region,Thane Division,Vidyashram S.O,N/A,N/A,,,"A, S & C, Room no 2 main building Water Supply Colony, Bhaji Market Rd, opp. B.N.N. College, Dhamankar Naka, Padma Nagar, Bhiwandi, Maharashtra 421305","Dhamankar Naka, Padma Nagar",19.285232999999998,73.05637519999999,ChIJKXIRpVG95zsRf2_Ia1Dtxec,https://www.google.com/maps/place/?q=place_id:ChIJKXIRpVG95zsRf2_Ia1Dtxec,part_136,2026-09-22 06:12:47,59378
Mahyaansh Fin Serv Private Limited,Businesses,Financial consultant,Financial consultant,421305,Maharashtra Circle,Navi Mumbai Region,Thane Division,Vidyashram S.O,+91 95520 06490,N/A,4.9,,"Gr Flr Gala No 3, Shree Navnath Residency, Dhamankar Naka - Mansarovar Rd, opp. Varaldevi Mata Mandir, Shramik Nagar, Bhiwandi, Maharashtra 421305",Shramik Nagar,19.2839228,73.05999539999999,ChIJN32pib695zsR0KFGgdlIOE8,https://www.google.com/maps/place/?q=place_id:ChIJN32pib695zsR0KFGgdlIOE8,part_136,2026-09-22 06:12:47,59379
Foren Software Solutions,Businesses,Software company,Software company,421305,Maharashtra Circle,Navi Mumbai Region,Thane Division,Vidyashram S.O,+91 76664 51305,https://foren.in/,5.0,,"Diwanshah Rikshaw Stand, Dargah Rd, near Asrar Hotel, Narpoli, Bhiwandi, Maharashtra 421305",Narpoli,19.2951505,73.0490137,ChIJr7Y0vvm95zsRoHmlPkjct0I,https://www.google.com/maps/place/?q=place_id:ChIJr7Y0vvm95zsRoHmlPkjct0I,part_136,2026-09-22 06:12:47,59380
Vestige DLCP Bhiwandi,Businesses,Business center,Business center,421305,Maharashtra Circle,Navi Mumbai Region,Thane Division,Vidyashram S.O,N/A,N/A,3.7,,"101, Anand Mangal Building, Above Sadguru Hardware Khadan Road, Asbibi, Dhamankar Naka - Mansarovar Rd, Bhiwandi, Maharashtra 421305",Padma Nagar,19.287812,73.0673821,ChIJG2NnZVm95zsRmiQyv9cFHFc,https://www.google.com/maps/place/?q=place_id:ChIJG2NnZVm95zsRmiQyv9cFHFc,part_136,2026-09-22 06:12:47,59381
WASTI ENTERPRISES,Businesses,Home builder,Home builder,421305,Maharashtra Circle,Navi Mumbai Region,Thane Division,Vidyashram S.O,N/A,N/A,5.0,,"73V5+QJ2, Ganesh Society, Samad Nagar, Kaneri, Bhiwandi, Maharashtra 421305","Ganesh Society, Samad Nagar, Kaneri",19.2943923,73.0590046,ChIJaXfUGAC95zsReXiZ-OhlsJ0,https://www.google.com/maps/place/?q=place_id:ChIJaXfUGAC95zsReXiZ-OhlsJ0,part_136,2026-09-22 06:12:47,59382
NATIONAL TRADING & COMPANY,Businesses,Businesses,Businesses,421305,Maharashtra Circle,Navi Mumbai Region,Thane Division,Vidyashram S.O,N/A,N/A,5.0,,"1269/5, Jairam Taware Marg, New Taware Compound, Narpoli, Bhiwandi, Maharashtra 421305","New Taware Compound, Narpoli",19.2889323,73.0449601,ChIJGbOd4QC95zsR6soeo1pWIUM,https://www.google.com/maps/place/?q=place_id:ChIJGbOd4QC95zsR6soeo1pWIUM,part_136,2026-09-22 06:12:48,59383
Mahakaali Yarns Pvt Ltd,Businesses,Textile mill,Textile mill,421305,Maharashtra Circle,Navi Mumbai Region,Thane Division,Vidyashram S.O,+91 70380 97777,https://mahakaaligroup.in/,4.9,,"Narpoli, Bhiwandi, Maharashtra 421305",Narpoli,19.2856698,73.04714,ChIJc4spBbC95zsRL-ae_MIrYF4,https://www.google.com/maps/place/?q=place_id:ChIJc4spBbC95zsRL-ae_MIrYF4,part_136,2026-09-22 06:12:48,59384
Ganesh Trading Company,Businesses,Hardware store,Hardware store,421305,Maharashtra Circle,Navi Mumbai Region,Thane Division,Vidyashram S.O,+91 73855 08637,N/A,5.0,,"Kamatghar - Anjurphata Rd, Kamatghar, Bhiwandi, Maharashtra 421305",Kamatghar,19.2712432,73.0487673,ChIJIRXHEwC95zsR9hJJvXbETo4,https://www.google.com/maps/place/?q=place_id:ChIJIRXHEwC95zsR9hJJvXbETo4,part_136,2026-09-22 06:12:48,59385
"Optimize Your Business for Search Engines, LLM, AI Tools",Businesses,Marketing consultant,Marketing consultant,421305,Maharashtra Circle,Navi Mumbai Region,Thane Division,Vidyashram S.O,N/A,https://optimize-your-business.grexa.site/,,,"Teachers' CHS, Kamatghar Road, New Tadali, Kamatghar, Bhiwandi, Maharashtra 421305","New Tadali, Kamatghar",19.269578,73.0552811,ChIJj2yRaXu95zsReFAkos7eBE8,https://www.google.com/maps/place/?q=place_id:ChIJj2yRaXu95zsReFAkos7eBE8,part_136,2026-09-22 06:12:48,59386
Nishit Trading Company,Businesses,Millwork shop,Millwork shop,421305,Maharashtra Circle,Navi Mumbai Region,Thane Division,Vidyashram S.O,+91 84119 25505,N/A,,,"Shop No 1, Mehta Compound, Dhamankar Naka, Roshan Baugh, Padma Nagar, Bhiwandi, Maharashtra 421305","Dhamankar Naka, Roshan Baugh, Padma Nagar",19.2879552,73.0508321,ChIJq7-0eQ-95zsR2yr1MiTG7-A,https://www.google.com/maps/place/?q=place_id:ChIJq7-0eQ-95zsR2yr1MiTG7-A,part_136,2026-09-22 06:12:48,59387
RUDRA TRADING COMPANY,Businesses,Building materials supplier,Building materials supplier,421305,Maharashtra Circle,Navi Mumbai Region,Thane Division,Vidyashram S.O,N/A,N/A,,,"OLD, AGRA HI, Kamatghar, Bhiwandi, Maharashtra 421305",Kamatghar,19.2738211,73.0461937,ChIJqeTYaVa95zsRFUUpxW455D8,https://www.google.com/maps/place/?q=place_id:ChIJqeTYaVa95zsRFUUpxW455D8,part_136,2026-09-22 06:12:48,59388
PRIYANK TRADING COMPANY,Businesses,Textile mill,Textile mill,421305,Maharashtra Circle,Navi Mumbai Region,Thane Division,Vidyashram S.O,N/A,N/A,,,"SONIBAI COMPOUND, Nalapar, VITTHAL NAGAR, Narpoli, Bhiwandi, Maharashtra 421305","Nalapar, VITTHAL NAGAR, Narpoli",19.2906969,73.04215219999999,ChIJ88fZvGO95zsRRNEMi4_h5nk,https://www.google.com/maps/place/?q=place_id:ChIJ88fZvGO95zsRRNEMi4_h5nk,part_136,2026-09-22 06:12:48,59389
Arhaan Enterprises Company,Businesses,Manufacturer,Manufacturer,421305,Maharashtra Circle,Navi Mumbai Region,Thane Division,Vidyashram S.O,N/A,http://www.arhaannaturals.com/,,,"746/683/3, New Taware Compound, Balaji Nagar, Bhiwandi, Maharashtra 421305","New Taware Compound, Balaji Nagar",19.2873622,73.0444737,ChIJp-nuTQC95zsRVyVcckeomPg,https://www.google.com/maps/place/?q=place_id:ChIJp-nuTQC95zsRVyVcckeomPg,part_136,2026-09-22 06:12:48,59390
C company office,Businesses,Manufacturer,Manufacturer,421305,Maharashtra Circle,Navi Mumbai Region,Thane Division,Vidyashram S.O,N/A,N/A,,,"72JX+G83, Narpoli, Bhiwandi, Maharashtra 421305",Narpoli,19.281254699999998,73.0482912,ChIJv9J1fXm95zsRDZLZpuf4v00,https://www.google.com/maps/place/?q=place_id:ChIJv9J1fXm95zsRDZLZpuf4v00,part_136,2026-09-22 06:12:48,59391
"HAS GLOBAL COMPANY ( Digital Marketing Agency, Youtube MCN, Ecommerce Marketplace Managment )",Businesses,Website designer,"Website designer, Print shop",421305,Maharashtra Circle,Navi Mumbai Region,Thane Division,Vidyashram S.O,+91 87932 22029,https://www.facebook.com/pages/Has-Global-Company/122944397895139?ref=hl,3.3,,"No.302, Shop No.15, Arihant Shopping Complex, Near Dhamankar Naka Flyover, Dhamankar Naka, Padma Nagar, Bhiwandi, Maharashtra 421305","Dhamankar Naka, Padma Nagar",19.289727499999998,73.056446,ChIJ7SgGEgm95zsRGVGDaTIPc4g,https://www.google.com/maps/place/?q=place_id:ChIJ7SgGEgm95zsRGVGDaTIPc4g,part_136,2026-09-22 06:12:48,59392
S.J Packaging,Businesses,Packaging company,Packaging company,421305,Maharashtra Circle,Navi Mumbai Region,Thane Division,Vidyashram S.O,N/A,https://sjpackaging.netlify.app/,5.0,7.0,"Shop no. 4, Jagruti complex, Dapuda Rd, near kasturi Complex, Val, Bhiwandi, Rahanal, Maharashtra 421302",Val,19.2684742,73.0399505,ChIJS-syuEy85zsRWrcVHMrvBdY,https://www.google.com/maps/place/?q=place_id:ChIJS-syuEy85zsRWrcVHMrvBdY,part_136,2026-09-22 06:12:48,59393
LAKSHYA TECH,Businesses,Automation company,"Automation company, Electrical engineer, Home automation company",421306,Maharashtra circle,Navi Mumbai Region,Thane Division,"Dwarli B.O, Mangrul B.O, Wadi B.O",+91 84510 64077,https://ohms30.website3.me/,4.9,13.0,"Shree Samarth dyandeep Colony A/3 Malang Road, E opposite 100, Fit Road, Kalyan E, Thane, Maharashtra 421306",Nevali Phata,19.1807598,73.14223799999999,ChIJkfzo0iSV5zsRnkBOxB-nAek,https://www.google.com/maps/place/?q=place_id:ChIJkfzo0iSV5zsRnkBOxB-nAek,part_136,2026-09-22 06:13:25,60663
GANESH TRADING COMPANY,Businesses,Garbage collection service,Garbage collection service,421306,Maharashtra circle,Navi Mumbai Region,Thane Division,"Dwarli B.O, Mangrul B.O, Wadi B.O",N/A,N/A,4.5,6.0,"PLOT NO. 1031 , NEAR NATURE GARDEN HOTEL BHAL GAON , DHAMTAN , AMBERNATH, DOMBIVALI ROAD, Kalyan, Maharashtra 421306",DOMBIVALI ROAD,19.1811705,73.1346179,ChIJR1Wz0pCV5zsRKEWvAv1FjIQ,https://www.google.com/maps/place/?q=place_id:ChIJR1Wz0pCV5zsRKEWvAv1FjIQ,part_136,2026-09-22 06:13:25,60664
S S Enterprises,Businesses,Business to business service,Business to business service,421306,Maharashtra circle,Navi Mumbai Region,Thane Division,"Dwarli B.O, Mangrul B.O, Wadi B.O",+91 97022 94443,N/A,5.0,2.0,"Shop No 30, S S Enterprises, Kalyan Road, near Pundlik Mhatre School, Nevali Phata, Nevali Gaon, Maharashtra 421306",Nevali Phata,19.1822752,73.140705,ChIJOfUVfUeV5zsRNhQI8RTI1EM,https://www.google.com/maps/place/?q=place_id:ChIJOfUVfUeV5zsRNhQI8RTI1EM,part_136,2026-09-22 06:13:25,60665
"Sheetabai niwas , Kakadwal, Malangad road ,kalyan east",Businesses,Housing complex,Housing complex,421306,Maharashtra circle,Navi Mumbai Region,Thane Division,"Dwarli B.O, Mangrul B.O, Wadi B.O",N/A,N/A,5.0,2.0,"5553+G23, Kakadval, Maharashtra 421306",421306,19.1593838,73.1521755,ChIJ5dr4FwCV5zsRnZrZfV6AZtk,https://www.google.com/maps/place/?q=place_id:ChIJ5dr4FwCV5zsRnZrZfV6AZtk,part_136,2026-09-22 06:13:25,60666
Siddhivinayak Enterprises,Businesses,Internet shop,Internet shop,421306,Maharashtra circle,Navi Mumbai Region,Thane Division,"Dwarli B.O, Mangrul B.O, Wadi B.O",+91 88988 77427,N/A,3.7,3.0,"54MR+2F9, Malangad Rd, Nevali Phata, Kalyan, Nevali Gaon, Maharashtra 421306",Nevali Phata,19.1825367,73.1412285,ChIJQROK0eaU5zsR0QQ81DBautg,https://www.google.com/maps/place/?q=place_id:ChIJQROK0eaU5zsR0QQ81DBautg,part_136,2026-09-22 06:13:25,60667
Appaji Nagar,Businesses,Housing society,Housing society,421306,Maharashtra circle,Navi Mumbai Region,Thane Division,"Dwarli B.O, Mangrul B.O, Wadi B.O",+91 86019 16878,N/A,3.5,2.0,"appaji nagar, near nirankari bhaw appa ji nagar nera, nirankari bha, Kalyan, Kakadval, Maharashtra 421306",nirankari bha,19.1680442,73.1467618,ChIJLV8BO_KV5zsRGNz3Lev_vA0,https://www.google.com/maps/place/?q=place_id:ChIJLV8BO_KV5zsRGNz3Lev_vA0,part_136,2026-09-22 06:13:25,60668
Niti Nivas,Businesses,Housing development,Housing development,421306,Maharashtra circle,Navi Mumbai Region,Thane Division,"Dwarli B.O, Mangrul B.O, Wadi B.O",N/A,N/A,3.5,2.0,"54JX+77V, Kalyan East, Pisavli Village, Mumbai, Kalyan, Maharashtra 421306","Kalyan East, Pisavli Village",19.1806134,73.1488499,ChIJ74ZMk4CV5zsRUpypBmoM9Uw,https://www.google.com/maps/place/?q=place_id:ChIJ74ZMk4CV5zsRUpypBmoM9Uw,part_136,2026-09-22 06:13:25,60669
Maauli Krupa,Businesses,Housing complex,Housing complex,421306,Maharashtra circle,Navi Mumbai Region,Thane Division,"Dwarli B.O, Mangrul B.O, Wadi B.O",N/A,N/A,5.0,1.0,"54MX+JMG, Vasar Gaon Rd, Vasar, Kalyan, Maharashtra 421306",Vasar,19.1840631,73.1492043,ChIJ248aNY2V5zsRXzkr8bchhJw,https://www.google.com/maps/place/?q=place_id:ChIJ248aNY2V5zsRXzkr8bchhJw,part_136,2026-09-22 06:13:25,60670
Somip Vishwakarma,Businesses,Housing society,Housing society,421306,Maharashtra circle,Navi Mumbai Region,Thane Division,"Dwarli B.O, Mangrul B.O, Wadi B.O",+91 88504 39305,N/A,5.0,1.0,"Room no 3 chawl no 6, Mahadev homes naka, Nevali Phata, East, Kalyan, Nevali Gaon, Maharashtra 421306","Nevali Phata, East",19.1808686,73.1446009,ChIJDQcCTbaV5zsR52Fn72GbElM,https://www.google.com/maps/place/?q=place_id:ChIJDQcCTbaV5zsR52Fn72GbElM,part_136,2026-09-22 06:13:25,60671
Shree Ganesh Traders,Businesses,Wholesaler,Wholesaler,421306,Maharashtra circle,Navi Mumbai Region,Thane Division,"Dwarli B.O, Mangrul B.O, Wadi B.O",N/A,N/A,5.0,1.0,"SHOP NO. 3, HOUSE NO. 1346, CHAUDHARY BUILDING, HAJIMALANG ROAD, Nevali Phata, Kalyan, Mumbai, Maharashtra 421306",Nevali Phata,19.1809849,73.1385562,ChIJKdiBNf2V5zsRAQlNlGLxA6E,https://www.google.com/maps/place/?q=place_id:ChIJKdiBNf2V5zsRAQlNlGLxA6E,part_136,2026-09-22 06:13:25,60672
A R shuttering plywood setes,Businesses,Construction Material Wholesaler,Construction Material Wholesaler,421306,Maharashtra circle,Navi Mumbai Region,Thane Division,"Dwarli B.O, Mangrul B.O, Wadi B.O",+91 89762 76597,https://a-r-shuttering.grexa.site/,,,"Navali Naka MIDC road, opposite nayara petrol pump, Kalyan, Maharashtra 421306",421306,19.181917,73.1498585,ChIJP-eg-HCV5zsRPrIXFrvHP9o,https://www.google.com/maps/place/?q=place_id:ChIJP-eg-HCV5zsRPrIXFrvHP9o,part_136,2026-09-22 06:13:25,60673
GEDIK ASIA PVT. LTD,Businesses,Corporate office,Corporate office,421306,Maharashtra circle,Navi Mumbai Region,Thane Division,"Dwarli B.O, Mangrul B.O, Wadi B.O",+91 74559 53871,http://gedikasia.com/,,,"Shop No - 12B, WING. TUKARAM PLAZA, nr. SAMRATH NAGAR, Kalyan, Maharashtra 421306",421306,19.1680442,73.1467619,ChIJ_____8-U5zsRF5qGHRyGtdo,https://www.google.com/maps/place/?q=place_id:ChIJ_____8-U5zsRF5qGHRyGtdo,part_136,2026-09-22 06:13:25,60674
Royal Steel Art,Businesses,Steel industry,"Steel industry, Steel supplier",421306,Maharashtra circle,Navi Mumbai Region,Thane Division,"Dwarli B.O, Mangrul B.O, Wadi B.O",+91 98215 04186,N/A,,,"SHOP NO 1,NEVALI NAKA,NEAR HOTEL GREEN HOUSE,BADLAPURE ROAD , KALYAN EAST, Pipeline Rd, Nevali Phata, Maharashtra 421306",Nevali Phata,19.181073899999998,73.1441899,ChIJi2cy3-eU5zsRxoydETSmSuk,https://www.google.com/maps/place/?q=place_id:ChIJi2cy3-eU5zsRxoydETSmSuk,part_136,2026-09-22 06:13:25,60675
Rubiza Business World,Businesses,Employment consultant,Employment consultant,421306,Maharashtra circle,Navi Mumbai Region,Thane Division,"Dwarli B.O, Mangrul B.O, Wadi B.O",+91 82868 83306,http://www.rubizabusinessworld.com/,5.0,,"MALANG PLAZA, Sri, Malangad Rd, Kalyan East, Pisavli Village, Dombivli East, Kalyan, Maharashtra 421306","Kalyan East, Pisavli Village, Dombivli East",19.2139809,73.1311449,ChIJk3tFPxiV5zsRRyYPKj9opFg,https://www.google.com/maps/place/?q=place_id:ChIJk3tFPxiV5zsRRyYPKj9opFg,part_136,2026-09-22 06:13:26,60676
Shoppeal Tech - Recognized as One of India's Top 10 Startups,Businesses,Software company,"Software company, Service establishment",421306,Maharashtra circle,Navi Mumbai Region,Thane Division,"Dwarli B.O, Mangrul B.O, Wadi B.O",+91 73046 63195,N/A,5.0,,"Shoppeal Tech - Recognized as One of India's Top 10 Startups, 421306, India",421306,40.266869,174.0025186,ChIJM7OB0h6V5zsRNWqO5S61Txk,https://www.google.com/maps/place/?q=place_id:ChIJM7OB0h6V5zsRNWqO5S61Txk,part_136,2026-09-22 06:13:26,60677
Brokod,Businesses,Software company,"Software company, Computer security service, Computer support and services, Service establishment, Web hosting company, Website designer",421306,Maharashtra circle,Navi Mumbai Region,Thane Division,"Dwarli B.O, Mangrul B.O, Wadi B.O",+91 93720 96952,https://brokod.com/,5.0,,"Brokod, 421306, India",421306,19.8080726,75.9771852,ChIJh-o96wuV5zsRmt_N8zhcfWY,https://www.google.com/maps/place/?q=place_id:ChIJh-o96wuV5zsRmt_N8zhcfWY,part_136,2026-09-22 06:13:26,60678
EKLAVYA BIOTECH PVT. LTD.,Businesses,Manufacturer,Manufacturer,421306,Maharashtra circle,Navi Mumbai Region,Thane Division,"Dwarli B.O, Mangrul B.O, Wadi B.O",N/A,http://www.eklavyabiotech.com/,5.0,,"Badlapur - Katai Rd, Nevali Phata, kalyan east, Dhamtan, Maharashtra 421306","Nevali Phata, kalyan east",19.178309499999997,73.129605,ChIJPX9EG3mV5zsR5okRtudNlPQ,https://www.google.com/maps/place/?q=place_id:ChIJPX9EG3mV5zsR5okRtudNlPQ,part_136,2026-09-22 06:13:26,60679
Chavan Business Solutions,Businesses,Accounting firm,Accounting firm,421306,Maharashtra circle,Navi Mumbai Region,Thane Division,"Dwarli B.O, Mangrul B.O, Wadi B.O",+91 91524 45705,https://chavanbusinesssolutions.odoo.com/,,,"Rama Colony, Tisgaon Rd, behind Jari Mari Mandir, Tisgaon, Kalyan East, Kalyan, Maharashtra 421306","Tisgaon, Kalyan East",19.2221023,73.13176949999999,ChIJXU99SgCV5zsRaLDYXHJ4ulQ,https://www.google.com/maps/place/?q=place_id:ChIJXU99SgCV5zsRaLDYXHJ4ulQ,part_136,2026-09-22 06:13:26,60680
Business Man,Businesses,Fast food restaurant,Fast food restaurant,421306,Maharashtra circle,Navi Mumbai Region,Thane Division,"Dwarli B.O, Mangrul B.O, Wadi B.O",N/A,N/A,,,"Pipeline Rd, near Chetana School, Dombivli, Pisavli Village, Dombivli East, Kalyan, Maharashtra 421306","Dombivli, Pisavli Village, Dombivli East",19.219901999999998,73.12671999999999,ChIJocFOVpyV5zsRw2l063WZef0,https://www.google.com/maps/place/?q=place_id:ChIJocFOVpyV5zsRw2l063WZef0,part_136,2026-09-22 06:13:26,60681
Ganraj Residency Adivali Gaon Ambarnath Kalyan East Maharashtra 421306,Businesses,Apartment building,Apartment building,421306,Maharashtra circle,Navi Mumbai Region,Thane Division,"Dwarli B.O, Mangrul B.O, Wadi B.O",+91 97027 59880,N/A,4.3,33.0,"Kalyan East, Nandivali Gaon, Kalyan, Maharashtra 421306","Kalyan East, Nandivali Gaon",19.2079953,73.1304244,ChIJqUwqfsCV5zsRxWv-bKhcUQI,https://www.google.com/maps/place/?q=place_id:ChIJqUwqfsCV5zsRxWv-bKhcUQI,part_136,2026-09-22 06:13:26,60682
SHRI SAI SADAN APT; NR NEW KALYAN THANE Adivali 421306,Businesses,Apartment building,Apartment building,421306,Maharashtra circle,Navi Mumbai Region,Thane Division,"Dwarli B.O, Mangrul B.O, Wadi B.O",N/A,N/A,4.3,10.0,"SHRI SAI SADAN APT; NR NEW KALYAN THANE Adivali, Maharashtra 421306",421306,19.198704,73.12363479999999,ChIJySAOGQCV5zsRVXF3dtjLg-k,https://www.google.com/maps/place/?q=place_id:ChIJySAOGQCV5zsRVXF3dtjLg-k,part_136,2026-09-22 06:13:26,60683
GAS COMPANY GATE,Businesses,Government office,Government office,421306,Maharashtra circle,Navi Mumbai Region,Thane Division,"Dwarli B.O, Mangrul B.O, Wadi B.O",N/A,N/A,,,"649W+VV5, Neelkanthnagar, Hanuman Nagar, Kalyan, Maharashtra 421306","Neelkanthnagar, Hanuman Nagar",19.2196327,73.14724079999999,ChIJMSNdoo2V5zsRNnl1JJqa8Y8,https://www.google.com/maps/place/?q=place_id:ChIJMSNdoo2V5zsRNnl1JJqa8Y8,part_136,2026-09-22 06:13:26,60684
Eastman Dealer,Businesses,Battery Store,"Battery Store, Battery Wholesaler, Solar energy system service, Solar energy equipment supplier, Solar panel maintenance service",421306,Maharashtra circle,Navi Mumbai Region,Thane Division,"Dwarli B.O, Mangrul B.O, Wadi B.O",+91 674 674 6731,https://eastman-dealers.eaplworld.com/near-me/kalyan/Dombivli/eastman-dealer-hardik-enterprises-in-Dombivli-kalyan--61u4ej/home,,,"Hardik Enterprises, Dombivli, Pisavli Village, Dombivli East, Dombivli, Kalyan, Maharashtra 421203","Dombivli, Pisavli Village, Dombivli East",19.2139834,73.1160252,ChIJ4XCw1g-V5zsRShUY0supj2E,https://www.google.com/maps/place/?q=place_id:ChIJ4XCw1g-V5zsRShUY0supj2E,part_136,2026-09-22 06:13:27,60685
RAM ENTERPRISES,Businesses,Transportation service,Transportation service,421306,Maharashtra circle,Navi Mumbai Region,Thane Division,"Dwarli B.O, Mangrul B.O, Wadi B.O",N/A,N/A,5.0,,"rto, SHRIPATH SETH CHAWL NO 1 SHOP NO 1 OPP ANMOL GARDEN HAJI MALANG ROAD, 421306, Malangad Rd, opp. nandivali, Kalyan East, Kalyan, Maharashtra 421306","Kalyan East, Pisavli Village, Dombivli East",19.2142803,73.1309874,ChIJtYgGyASV5zsR_JYGt5PCGbM,https://www.google.com/maps/place/?q=place_id:ChIJtYgGyASV5zsR_JYGt5PCGbM,part_136,2026-09-22 06:13:27,60686
Janta packaging industries,Businesses,Manufacturer,Manufacturer,421308,Maharashtra Circle,Navi Mumbai Region,Thane Division,Bhiwandi S.O,+91 99879 88177,N/A,5.0,1.0,"House no 836/48 konda compound dhayale pada Kambe village, talvali, naka, Bhiwandi, Maharashtra 421302","talvali, naka, Kambe",19.3167503,73.0428232,ChIJkbdWgqa95zsRXF-6yUFMpxk,https://www.google.com/maps/place/?q=place_id:ChIJkbdWgqa95zsRXF-6yUFMpxk,part_136,2026-09-22 06:13:59,61579
LEBCO HARDWARE,Businesses,Manufacturer,Manufacturer,421308,Maharashtra Circle,Navi Mumbai Region,Thane Division,Bhiwandi S.O,N/A,N/A,,,"ground floor, gala no -12, Dharam phase 2 complex, near by vell garam pasayad, Bhiwandi, Maharashtra 421308",421308,19.321177,73.0316727,ChIJzW186NO95zsR3fNPoGBmjLg,https://www.google.com/maps/place/?q=place_id:ChIJzW186NO95zsR3fNPoGBmjLg,part_136,2026-09-22 06:13:59,61580
SS STAR TRANSPORT BUSINESS,Businesses,Transportation service,Transportation service,421308,Maharashtra Circle,Navi Mumbai Region,Thane Division,Bhiwandi S.O,N/A,N/A,5.0,1.0,"SHOP NO 3, AYESHA APARTMENT, Khadipar Rd, Katai, Khoni, Maharashtra 421308",Katai,19.3069803,73.0493061,ChIJqajj8bG95zsR1jkod1WW-cw,https://www.google.com/maps/place/?q=place_id:ChIJqajj8bG95zsR1jkod1WW-cw,part_136,2026-09-22 06:13:59,61581
M TEX GROUP OF INDIA,Businesses,Manufacturer,Manufacturer,421308,Maharashtra Circle,Navi Mumbai Region,Thane Division,Bhiwandi S.O,N/A,N/A,5.0,1.0,"828V+9XJ new moolchand compound, 897/3/4/5, village, Katai, Maharashtra 421308",Katai,19.3159788,73.04483979999999,ChIJbT5cZgC95zsRA2_T_NXQklw,https://www.google.com/maps/place/?q=place_id:ChIJbT5cZgC95zsRA2_T_NXQklw,part_136,2026-09-22 06:13:59,61582
BLOW TECH SOLUTIONS,Businesses,Machine shop,"Machine shop, Machinery parts manufacturer, Plastic Products Supplier",421308,Maharashtra Circle,Navi Mumbai Region,Thane Division,Bhiwandi S.O,+91 91670 06631,N/A,,,"HN0.836/47, KONDA COMPOUND, DHAYALE PADA, Kambe, Dahyale, Maharashtra 421308","DHAYALE PADA, Kambe",19.316484,73.0427778,ChIJ0w5itH695zsRLSaKkY9HI0k,https://www.google.com/maps/place/?q=place_id:ChIJ0w5itH695zsRLSaKkY9HI0k,part_136,2026-09-22 06:13:59,61583
Antariksh infrabuild LLp Unit 2,Businesses,Warehouse,Warehouse,421308,Maharashtra Circle,Navi Mumbai Region,Thane Division,Bhiwandi S.O,N/A,N/A,4.7,9.0,"Kambe, Dahyale, Maharashtra 421308",Kambe,19.3170842,73.0415015,ChIJu4FwLQC95zsR3pZfMrN4fvc,https://www.google.com/maps/place/?q=place_id:ChIJu4FwLQC95zsR3pZfMrN4fvc,part_136,2026-09-22 06:13:59,61584
Arpita industries,Businesses,Manufacturer,Manufacturer,421308,Maharashtra Circle,Navi Mumbai Region,Thane Division,Bhiwandi S.O,N/A,N/A,3.5,2.0,"Kambe, Katai, Maharashtra 421308",Kambe,19.3149279,73.0439935,ChIJz2ZEkUW95zsRuf12Zop24gs,https://www.google.com/maps/place/?q=place_id:ChIJz2ZEkUW95zsRuf12Zop24gs,part_136,2026-09-22 06:13:59,61585
Buildchem infra,Businesses,Manufacturer,Manufacturer,421308,Maharashtra Circle,Navi Mumbai Region,Thane Division,Bhiwandi S.O,N/A,N/A,5.0,3.0,"828J+XX2, Kambe, Maharashtra 421308",Kambe,19.317591,73.03201299999999,ChIJ8V7nZAC95zsRvI5Iz8XXLWc,https://www.google.com/maps/place/?q=place_id:ChIJ8V7nZAC95zsRvI5Iz8XXLWc,part_136,2026-09-22 06:13:59,61586
Anmol textile waste,Businesses,Manufacturer,Manufacturer,421308,Maharashtra Circle,Navi Mumbai Region,Thane Division,Bhiwandi S.O,+91 98215 36329,N/A,,,"Konda compund, Kambe, Bhiwandi, Maharashtra 421302",Kambe,19.3164287,73.04181779999999,ChIJnfHuYHO95zsRAgSPElBV0z8,https://www.google.com/maps/place/?q=place_id:ChIJnfHuYHO95zsRAgSPElBV0z8,part_136,2026-09-22 06:13:59,61587
Goldan king Tradars,Businesses,Manufacturer,Manufacturer,421308,Maharashtra Circle,Navi Mumbai Region,Thane Division,Bhiwandi S.O,N/A,N/A,,,"827V+H6G, Parol Rd, Kambe, Bhiwandi, Kambe, Maharashtra 421308",Kambe,19.313914,73.043087,ChIJtQIuBQC95zsRf1cUklCEn-s,https://www.google.com/maps/place/?q=place_id:ChIJtQIuBQC95zsRf1cUklCEn-s,part_136,2026-09-22 06:13:59,61588
VASANT PATIL COMPOUND,Businesses,Warehouse,Warehouse,421308,Maharashtra Circle,Navi Mumbai Region,Thane Division,Bhiwandi S.O,N/A,N/A,,,"829R+4FV, road, Kambe, Dayale, Bhiwandi, Maharashtra 421308",Kambe,19.31786,73.04118129999999,ChIJczLgR1-95zsRnlmTLCq_ns8,https://www.google.com/maps/place/?q=place_id:ChIJczLgR1-95zsRnlmTLCq_ns8,part_136,2026-09-22 06:13:59,61589
Kumar agarbatti works,Businesses,Manufacturer,Manufacturer,421308,Maharashtra Circle,Navi Mumbai Region,Thane Division,Bhiwandi S.O,N/A,N/A,5.0,1.0,"827V+P22, village, gharat compound, Katai, Kambe, Maharashtra 421308","gharat compound, Katai",19.313931,73.041686,ChIJGZGLIQC95zsRx5cqXMHVaqY,https://www.google.com/maps/place/?q=place_id:ChIJGZGLIQC95zsRx5cqXMHVaqY,part_136,2026-09-22 06:13:59,61590
एकवीरा सदन,Businesses,Housing society,Housing society,421308,Maharashtra Circle,Navi Mumbai Region,Thane Division,Bhiwandi S.O,N/A,N/A,,,"82FF+XP4, Bhiwandi, Joo-Nandurkhi, Maharashtra 421308",421308,19.325298,73.023668,ChIJfV1KJQC95zsRQxgcXRZFPXs,https://www.google.com/maps/place/?q=place_id:ChIJfV1KJQC95zsRQxgcXRZFPXs,part_136,2026-09-22 06:13:59,61591
JayMalhar Marble,Businesses,Home builder,Home builder,421308,Maharashtra Circle,Navi Mumbai Region,Thane Division,Bhiwandi S.O,N/A,N/A,,,"828H+V6X, Parol Rd, Kambe, Bhiwandi, Kambe, Maharashtra 421308",Kambe,19.3172785,73.02802,ChIJ16rcCgC95zsR9lSVt-kxow0,https://www.google.com/maps/place/?q=place_id:ChIJ16rcCgC95zsR9lSVt-kxow0,part_136,2026-09-22 06:13:59,61592
Pramod mahajire,Businesses,Housing development,Housing development,421308,Maharashtra Circle,Navi Mumbai Region,Thane Division,Bhiwandi S.O,N/A,N/A,5.0,1.0,"Room no 388, near Shankar mandir, Kambe, Maharashtra 421308",Kambe,19.3153851,73.0371194,ChIJ28MlYIe95zsRjUa68Rl7-k4,https://www.google.com/maps/place/?q=place_id:ChIJ28MlYIe95zsRjUa68Rl7-k4,part_136,2026-09-22 06:13:59,61593
Sai kunj,Businesses,Housing complex,Housing complex,421308,Maharashtra Circle,Navi Mumbai Region,Thane Division,Bhiwandi S.O,N/A,N/A,,,"82CG+558, Parol Rd, Tembhavali, Bhiwandi, Maharashtra 421308",421308,19.3204109,73.02545289999999,ChIJ2SV8IUK95zsRQD5JEsQMNkQ,https://www.google.com/maps/place/?q=place_id:ChIJ2SV8IUK95zsRQD5JEsQMNkQ,part_136,2026-09-22 06:13:59,61594
AL KUWARI ENTERPRISE,Businesses,Business management consultant,"Business management consultant, Store",421308,Maharashtra Circle,Navi Mumbai Region,Thane Division,Bhiwandi S.O,N/A,http://alkuwarienterprise.com/,5.0,,"Nizampur, NIZAMPUR, Gokul Nagar, Bhiwandi, Maharashtra 421308","Nizampur, NIZAMPUR, Gokul Nagar",19.3036976,73.061735,ChIJy1vq19m95zsR24Osfs21gDI,https://www.google.com/maps/place/?q=place_id:ChIJy1vq19m95zsR24Osfs21gDI,part_136,2026-09-22 06:14:00,61595
A.Gani Enterprises,Businesses,Threads & Yarns Wholesaler,"Threads & Yarns Wholesaler, Manufacturer",421308,Maharashtra Circle,Navi Mumbai Region,Thane Division,Bhiwandi S.O,+91 93243 35814,https://aganienterprises.github.io/AGaniEnterprisesss/,5.0,,"Η.Νo 1312, Μoolchand Compound, near Vinayak Hotel, Khoni, Bhiwandi, Khoni, Maharashtra 421308",Khoni,19.3084113,73.0526099,ChIJ2W1HKwC95zsRDEUdvklwJ_4,https://www.google.com/maps/place/?q=place_id:ChIJ2W1HKwC95zsRDEUdvklwJ_4,part_136,2026-09-22 06:14:00,61596
Maniv Solutions - Customized Printed Tapes Manufacturer in Mumbai,Businesses,Manufacturer,Manufacturer,421308,Maharashtra Circle,Navi Mumbai Region,Thane Division,Bhiwandi S.O,+91 88791 20719,https://manivsolutions.com/,5.0,,"Plot no - 20, near Heena Talkies, Katai, Maharashtra 421308",Katai,19.3093362,73.044698,ChIJ9cNxGOm95zsRjGGZc-vWSms,https://www.google.com/maps/place/?q=place_id:ChIJ9cNxGOm95zsRjGGZc-vWSms,part_136,2026-09-22 06:14:00,61597
ROYAL ENTERPRISES(ANIS),Businesses,Warehouse,Warehouse,421308,Maharashtra Circle,Navi Mumbai Region,Thane Division,Bhiwandi S.O,N/A,N/A,5.0,,"H no.2116/1B, Khadipar Rd, near F t textiles, Khoni, Bhiwandi, Khoni, Maharashtra 421302",Khoni,19.310111199999998,73.0528073,ChIJ_f90cAC95zsRfaG7J1Rx_aY,https://www.google.com/maps/place/?q=place_id:ChIJ_f90cAC95zsRfaG7J1Rx_aY,part_136,2026-09-22 06:14:00,61598
Alauddin Trading Company,Businesses,Businesses,Businesses,421308,Maharashtra Circle,Navi Mumbai Region,Thane Division,Bhiwandi S.O,N/A,N/A,5.0,1.0,"Madhu Masala Store, Near, 5, Khadak Rd, Vishwanarayan Housing Society, Nazarana Compound, Gokul Nagar, Bhiwandi, Maharashtra 421308","Vishwanarayan Housing Society, Nazarana Compound, Gokul Nagar",19.3035547,73.0594742,ChIJmeO69RO95zsRjl_9m6QWgAI,https://www.google.com/maps/place/?q=place_id:ChIJmeO69RO95zsRjl_9m6QWgAI,part_136,2026-09-22 06:14:00,61599
Lakshya trading company,Businesses,Wholesaler,Wholesaler,421308,Maharashtra Circle,Navi Mumbai Region,Thane Division,Bhiwandi S.O,+91 81493 24530,N/A,,,"Mandai - Dhamankar Naka Rd, behind jio gallery, near raka bhawan, Navi Chal, Prabhu Ali, Mandai, Bhiwandi, Maharashtra 421308","Navi Chal, Prabhu Ali, Mandai",19.3002417,73.05670359999999,ChIJuehz3Je95zsRJk-m6ZLFH6o,https://www.google.com/maps/place/?q=place_id:ChIJuehz3Je95zsRJk-m6ZLFH6o,part_136,2026-09-22 06:14:00,61600
Shree Ashapura Trading Company,Businesses,Wholesaler,"Wholesaler, Hardware store",421308,Maharashtra Circle,Navi Mumbai Region,Thane Division,Bhiwandi S.O,N/A,N/A,,,"Ground floor, Om, Bhiwandi, Brahmin Ali, Nazarana Compound, takies, Bhiwandi, Maharashtra 421308","Brahmin Ali, Nazarana Compound, takies",19.302626099999998,73.0564153,ChIJ610k5eK95zsRc3LD9y6IUHU,https://www.google.com/maps/place/?q=place_id:ChIJ610k5eK95zsRc3LD9y6IUHU,part_136,2026-09-22 06:14:00,61601
Rupesh trading company,Businesses,Grocery store,Grocery store,421308,Maharashtra Circle,Navi Mumbai Region,Thane Division,Bhiwandi S.O,N/A,N/A,,,"Jaiswal Market, 36/37, Khadak Rd, Vishwanarayan Housing Society, Nazarana Compound, Gokul Nagar, Bhiwandi, Maharashtra 421308","Vishwanarayan Housing Society, Nazarana Compound, Gokul Nagar",19.3034917,73.059842,ChIJjVYUYAC95zsRALE9feRwHLI,https://www.google.com/maps/place/?q=place_id:ChIJjVYUYAC95zsRALE9feRwHLI,part_136,2026-09-22 06:14:00,61602
PRATHAM ENTERPRISES,Businesses,Manufacturer,Manufacturer,421308,Maharashtra Circle,Navi Mumbai Region,Thane Division,Bhiwandi S.O,N/A,N/A,4.4,7.0,"Bldg. D-5, Om Harihar Complex, Vadunavghar, Bhiwandi, Vadghar, Maharashtra 421302",Vadunavghar,19.295569099999998,73.0194155,ChIJP4KhBwC95zsRQfXV_a3gdgg,https://www.google.com/maps/place/?q=place_id:ChIJP4KhBwC95zsRQfXV_a3gdgg,part_136,2026-09-22 06:14:01,61603
Big Cola Distributor,Businesses,Store,Store,421308,Maharashtra Circle,Navi Mumbai Region,Thane Division,Bhiwandi S.O,+91 73873 25300,N/A,4.1,57.0,"Millat Nagar, Avachit Pada, Bhiwandi, Maharashtra 421302","Millat Nagar, Avachit Pada",19.3110945,73.0671443,ChIJEXGOzEG95zsR7AqBaBh_vN8,https://www.google.com/maps/place/?q=place_id:ChIJEXGOzEG95zsR7AqBaBh_vN8,part_136,2026-09-22 06:14:01,61604
Bombay Crimpers Pvt. Ltd.,Businesses,Business to business service,Business to business service,421311,Maharashtra Circle,Navi Mumbai Region,Thane Division,"Saravali S.O, Kon B.O, Pimplas B.O",+91 2522 280 472,https://www.indiamart.com/bombaycrimpers,4.3,41.0,"plot 1, 5, MIDC Rd, Sapna Industrial Estate, Saravali, Pimpalgaon, Maharashtra 421311","Sapna Industrial Estate, Saravali",19.2576717,73.0975471,ChIJ_zQr7RqW5zsRuXjXns4NH1c,https://www.google.com/maps/place/?q=place_id:ChIJ_zQr7RqW5zsRuXjXns4NH1c,part_136,2026-09-22 06:14:37,62312
HALLMARK ADVANCED TECHNOLOGY PRIVATE LTD.,Businesses,Tool manufacturer,Tool manufacturer,421311,Maharashtra Circle,Navi Mumbai Region,Thane Division,"Saravali S.O, Kon B.O, Pimplas B.O",+91 22 2847 6331,https://www.hallmark-engineers.com/,4.2,5.0,"4/9, Kalyan Bhiwandi Industrial Area, vilage, Sapna Industrial Estate, Saravali, Maharashtra 421311","MIDC, Sapna Industrial Estate, Saravali",19.2616677,73.1000222,ChIJVVVVVRmW5zsRALRLp8dJRkA,https://www.google.com/maps/place/?q=place_id:ChIJVVVVVRmW5zsRALRLp8dJRkA,part_136,2026-09-22 06:14:37,62313
Gee Limited,Businesses,Manufacturer,Manufacturer,421311,Maharashtra Circle,Navi Mumbai Region,Thane Division,"Saravali S.O, Kon B.O, Pimplas B.O",+91 2522 281 176,http://www.geelimited.com/,3.9,8.0,"Unnamed Rd, Sapna Industrial Estate, Saravali, Bhiwandi, Maharashtra 421311, Maharashtra 421302","Sapna Industrial Estate, Saravali",19.263018,73.0973927,ChIJFwfPoxmW5zsRGvE20vZtfVU,https://www.google.com/maps/place/?q=place_id:ChIJFwfPoxmW5zsRGvE20vZtfVU,part_136,2026-09-22 06:14:37,62314
Lite Technology Company Pvt.Ltd,Businesses,Manufacturer,Manufacturer,421311,Maharashtra Circle,Navi Mumbai Region,Thane Division,"Saravali S.O, Kon B.O, Pimplas B.O",+91 70459 26105,N/A,4.5,8.0,"1st & 2nd Floor,House No.2,Plot No.13, Bhiwadi, Sapna Industrial Estate, Saravali, Maharashtra 421302","Sapna Industrial Estate, Saravali",19.2646826,73.0954647,ChIJAdPP6BiW5zsRkuboJVxrqxc,https://www.google.com/maps/place/?q=place_id:ChIJAdPP6BiW5zsRkuboJVxrqxc,part_136,2026-09-22 06:14:37,62315
Saket cotton tex dye pvt ltd,Businesses,Warehouse,Warehouse,421311,Maharashtra Circle,Navi Mumbai Region,Thane Division,"Saravali S.O, Kon B.O, Pimplas B.O",N/A,N/A,5.0,1.0,"736W+P65, MIDC, Sapna Industrial Estate, Saravali, Bhiwandi, Maharashtra 421311","Sapna Industrial Estate, Saravali",19.2617582,73.0956107,ChIJv3kYTgCX5zsR4TzBLY1OW1E,https://www.google.com/maps/place/?q=place_id:ChIJv3kYTgCX5zsR4TzBLY1OW1E,part_136,2026-09-22 06:14:37,62316
Remco Silk Mills Private Limited,Businesses,Textile mill,Textile mill,421311,Maharashtra Circle,Navi Mumbai Region,Thane Division,"Saravali S.O, Kon B.O, Pimplas B.O",+91 2522 280 830,N/A,4.5,17.0,"Morani Compound, 4/4, Kalyan - Bhiwandi Rd, MIDC, Sapna Industrial Estate, Saravali, Kongaon, Saravali, Maharashtra 421311","MIDC, Sapna Industrial Estate, Saravali",19.262707,73.10072749999999,ChIJ648YQReW5zsReddGUnZ3mzg,https://www.google.com/maps/place/?q=place_id:ChIJ648YQReW5zsReddGUnZ3mzg,part_136,2026-09-22 06:14:37,62317
Durga Shirtings Pvt Ltd,Businesses,Manufacturer,Manufacturer,421311,Maharashtra Circle,Navi Mumbai Region,Thane Division,"Saravali S.O, Kon B.O, Pimplas B.O",N/A,N/A,5.0,6.0,"Plot No.09 Sapna Industrial Area, 2nd Phase, Saravali, Maharashtra 421302","2nd Phase, Saravali",19.2654958,73.0942123,ChIJ60y8vdCX5zsRauSsHtHWoWo,https://www.google.com/maps/place/?q=place_id:ChIJ60y8vdCX5zsRauSsHtHWoWo,part_136,2026-09-22 06:14:37,62318
"Dodhia Synthetics Ltd, MIDC",Businesses,Manufacturer,Manufacturer,421311,Maharashtra Circle,Navi Mumbai Region,Thane Division,"Saravali S.O, Kon B.O, Pimplas B.O",N/A,https://www.dodhiagroup.com/,3.6,18.0,"736W+G7F, MIDC, Sapna Industrial Estate, Saravali, Maharashtra 421311","MIDC, Sapna Industrial Estate, Saravali",19.2613233,73.0956849,ChIJlTMDfxmW5zsRPkzBPPxR21E,https://www.google.com/maps/place/?q=place_id:ChIJlTMDfxmW5zsRPkzBPPxR21E,part_136,2026-09-22 06:14:37,62319
M/s. Jagatanand Process,Businesses,Textile mill,Textile mill,421311,Maharashtra Circle,Navi Mumbai Region,Thane Division,"Saravali S.O, Kon B.O, Pimplas B.O",N/A,N/A,4.4,8.0,"736X+R59, MIDC, Sapna Industrial Estate, Saravali, Maharashtra 421311","MIDC, Sapna Industrial Estate, Saravali",19.2620349,73.09799149999999,ChIJq7a8zVqX5zsRvBRAUS2OuKs,https://www.google.com/maps/place/?q=place_id:ChIJq7a8zVqX5zsRvBRAUS2OuKs,part_136,2026-09-22 06:14:37,62320
Harit industries ltd ( MIDC ),Businesses,Textile mill,Textile mill,421311,Maharashtra Circle,Navi Mumbai Region,Thane Division,"Saravali S.O, Kon B.O, Pimplas B.O",+91 84110 09454,N/A,4.5,10.0,"Plot no 4, 7, MIDC Rd, MIDC, Sapna Industrial Estate, Saravali, Maharashtra 421311","MIDC, Sapna Industrial Estate, Saravali",19.2620842,73.1002578,ChIJS-x9T6mX5zsRf8rwfZEizsA,https://www.google.com/maps/place/?q=place_id:ChIJS-x9T6mX5zsRf8rwfZEizsA,part_136,2026-09-22 06:14:37,62321
Bhiwandi,Businesses,Manufacturer,Manufacturer,421311,Maharashtra Circle,Navi Mumbai Region,Thane Division,"Saravali S.O, Kon B.O, Pimplas B.O",N/A,N/A,,,"538/6, Sapna Industrial Estate, Saravali, Pimpalgaon, Maharashtra 421311","Sapna Industrial Estate, Saravali",19.258388999999998,73.095075,ChIJgQdMBwCX5zsRoo6iwFQFWEM,https://www.google.com/maps/place/?q=place_id:ChIJgQdMBwCX5zsRoo6iwFQFWEM,part_136,2026-09-22 06:14:37,62322
Schwatz Engineering and Technologies Pvt Ltd,Businesses,Engineering consultant,"Engineering consultant, Industrial design company",421311,Maharashtra Circle,Navi Mumbai Region,Thane Division,"Saravali S.O, Kon B.O, Pimplas B.O",N/A,http://www.schwatztech.com/,4.9,,"Kon, Kongaon, Maharashtra 421311",Kon,19.2470023,73.09927189999999,ChIJbcXDoWGX5zsRz5Hu011N9og,https://www.google.com/maps/place/?q=place_id:ChIJbcXDoWGX5zsRz5Hu011N9og,part_136,2026-09-22 06:14:38,62323
Quality Sign (Singboard Manufacturing),Businesses,Manufacturer,"Manufacturer, Banner store, Sign shop",421311,Maharashtra Circle,Navi Mumbai Region,Thane Division,"Saravali S.O, Kon B.O, Pimplas B.O",+91 83290 03908,N/A,5.0,,"Shop No. 01, next Bharat petrol pum, 421 302, Kalyan - Bhiwandi Rd, near shagun textile Pimpal Ghar, Sapna Industrial Estate, Saravali, Bhiwandi, Pimpalgaon, Maharashtra 421302","Sapna Industrial Estate, Saravali",19.258688199999998,73.09339109999999,ChIJc_SM-HW95zsRSvRpleiZ0Jo,https://www.google.com/maps/place/?q=place_id:ChIJc_SM-HW95zsRSvRpleiZ0Jo,part_136,2026-09-22 06:14:38,62324
Sticker Factory,Businesses,Sticker Manufacturer,Sticker Manufacturer,421311,Maharashtra Circle,Navi Mumbai Region,Thane Division,"Saravali S.O, Kon B.O, Pimplas B.O",+91 77387 40406,N/A,4.9,,"Gala No. 410, Building E6, B-Wing, Asmeeta Textile Plaza, Kongaon, Bhiwandi, Maharashtra 421311",421311,19.2541674,73.1029502,ChIJ4xCkBdaV5zsRsyd_bNgAsCw,https://www.google.com/maps/place/?q=place_id:ChIJ4xCkBdaV5zsRsyd_bNgAsCw,part_136,2026-09-22 06:14:38,62325
Bizcraft solutions Pvt Ltd Factory,Businesses,Manufacturer,Manufacturer,421311,Maharashtra Circle,Navi Mumbai Region,Thane Division,"Saravali S.O, Kon B.O, Pimplas B.O",+91 99878 77774,https://www.bizcraft.co.in/,5.0,,"306-312, Kalyan - Bhiwandi Rd, Kongaon, Bhiwandi, Maharashtra 421311",421311,19.2557547,73.1019783,ChIJhZLddxiX5zsRuz0wpdM6YP4,https://www.google.com/maps/place/?q=place_id:ChIJhZLddxiX5zsRuz0wpdM6YP4,part_136,2026-09-22 06:14:38,62326
FRK Enterprise,Businesses,Manufacturer,Manufacturer,421311,Maharashtra Circle,Navi Mumbai Region,Thane Division,"Saravali S.O, Kon B.O, Pimplas B.O",+91 75582 88453,N/A,5.0,,"Goa Naka, Kalyan - Bhiwandi Rd, opp. Mahanagar CNG pump, near Jeetu dhaba, Sapna Industrial Estate, Saravali, Kalyan, Gove, Maharashtra 421311","Sapna Industrial Estate, Saravali",19.2550499,73.0971749,ChIJtaf2MaCX5zsR4g5bPWyf4Oo,https://www.google.com/maps/place/?q=place_id:ChIJtaf2MaCX5zsR4g5bPWyf4Oo,part_136,2026-09-22 06:14:38,62327
Trisonik Business Solutions,Businesses,Services,"Services, Service establishment",421311,Maharashtra Circle,Navi Mumbai Region,Thane Division,"Saravali S.O, Kon B.O, Pimplas B.O",N/A,http://www.trisonik.com/,5.0,,"Trisonik Business Solutions, 421311, India",421311,14.157641199999999,-74.9524576,ChIJo7h7FEOV5zsRKus_XhhvWNc,https://www.google.com/maps/place/?q=place_id:ChIJo7h7FEOV5zsRKus_XhhvWNc,part_136,2026-09-22 06:14:38,62328
Abhinandan Creation,Businesses,Manufacturer,Manufacturer,421311,Maharashtra Circle,Navi Mumbai Region,Thane Division,"Saravali S.O, Kon B.O, Pimplas B.O",N/A,N/A,3.0,,"A-4, Kalyan - Bhiwandi Rd, near kongaon, Sapna Industrial Estate, Kalyan, Mumbai, Maharashtra 421311",Sapna Industrial Estate,19.257468499999998,73.1012863,ChIJSdyhwfiX5zsRlSCf-jeXtlA,https://www.google.com/maps/place/?q=place_id:ChIJSdyhwfiX5zsRlSCf-jeXtlA,part_136,2026-09-22 06:14:38,62329
YASHVI COMPUTERS,Businesses,Computer repair service,"Computer repair service, Computer store",421311,Maharashtra Circle,Navi Mumbai Region,Thane Division,"Saravali S.O, Kon B.O, Pimplas B.O",N/A,N/A,4.7,,"Ranjanoli, Saravali, Bhiwandi, Ranjnoli, Maharashtra 421311","Ranjanoli, Saravali",19.2684371,73.0844747,ChIJyajcGgCX5zsRVLO9Q_JCeGg,https://www.google.com/maps/place/?q=place_id:ChIJyajcGgCX5zsRVLO9Q_JCeGg,part_136,2026-09-22 06:14:38,62330
"FOUR STAR INDUSTRIES PVT LTD, BHIWANDI",Businesses,Machining manufacturer,"Machining manufacturer, Auto parts store",421311,Maharashtra Circle,Navi Mumbai Region,Thane Division,"Saravali S.O, Kon B.O, Pimplas B.O",+91 96193 94412,https://www.fourstarindustries.com/,5.0,,"GALA NO 15 & 16, BLDG BA, RADHE KRISHNA INDUSTRIAL PARK, VILLAGE - PIMPLAS ,, TALUKA BHIWANDI, DIST-THANE, Thane, Maharashtra 421302",Themghar,19.265052,73.06902699999999,ChIJgdQMupS95zsRf6W7Fg66XKM,https://www.google.com/maps/place/?q=place_id:ChIJgdQMupS95zsRf6W7Fg66XKM,part_136,2026-09-22 06:14:39,62331
KRIPTO STEEL INDIA PRIVATE LIMITED,Businesses,Manufacturer,Manufacturer,421312,Maharashtra Circle,Navi Mumbai Region,Thane Division,"Kudus S.O, Chamble B.O, Khupri B.O",N/A,N/A,5.0,,"G3VG+JH6, Budhavali, Maharashtra 421312",421312,19.544045399999998,73.0763934,ChIJtXlvnhEL5zsRPMHeDkW5ReI,https://www.google.com/maps/place/?q=place_id:ChIJtXlvnhEL5zsRPMHeDkW5ReI,part_136,2026-09-22 06:15:12,63298
BHUMIJA COMPOUND,Businesses,Manufacturer,Manufacturer,421312,Maharashtra Circle,Navi Mumbai Region,Thane Division,"Kudus S.O, Chamble B.O, Khupri B.O",N/A,N/A,5.0,,"G3QM+J63, Gaurapur - Kudus Rd, Kudus, Dongaste, Maharashtra 421312",421312,19.5390241,73.0830442,ChIJoWp2QwAL5zsRG2XmTVALX3c,https://www.google.com/maps/place/?q=place_id:ChIJoWp2QwAL5zsRG2XmTVALX3c,part_136,2026-09-22 06:15:12,63299
"Advent Agro Processors Private Ltd , Village Biloshi , Taluka Wada , Dist : Palghar 421 312",Businesses,Manufacturer,Manufacturer,421312,Maharashtra Circle,Navi Mumbai Region,Thane Division,"Kudus S.O, Chamble B.O, Khupri B.O",N/A,http://adventagro.in/,5.0,,"H39F+WW, Biloshi, Maharashtra 401204",421312,19.569755,73.074801,ChIJh6KffgAL5zsR-PtmXEEU1rw,https://www.google.com/maps/place/?q=place_id:ChIJh6KffgAL5zsR-PtmXEEU1rw,part_136,2026-09-22 06:15:12,63300
SHIV SHAKTI STONE CRUSHER COMPANY,Businesses,Stone supplier,Stone supplier,421312,Maharashtra Circle,Navi Mumbai Region,Thane Division,"Kudus S.O, Chamble B.O, Khupri B.O",N/A,N/A,5.0,,"Gunj, Budhavali, Wada, Maharashtra 421312",Budhavali,19.5484209,73.0685374,ChIJ7y1Aa6wL5zsRlXh6yOKXAgM,https://www.google.com/maps/place/?q=place_id:ChIJ7y1Aa6wL5zsRlXh6yOKXAgM,part_136,2026-09-22 06:15:12,63301
Sagar Stone Company,Businesses,Mining company,Mining company,421312,Maharashtra Circle,Navi Mumbai Region,Thane Division,"Kudus S.O, Chamble B.O, Khupri B.O",N/A,N/A,5.0,,"G329+76, Lohape, Maharashtra 421312",421312,19.5005569,73.06813819999999,ChIJO9BktLKh5zsRhbajmn_rmug,https://www.google.com/maps/place/?q=place_id:ChIJO9BktLKh5zsRhbajmn_rmug,part_136,2026-09-22 06:15:12,63302
Sameer Trading Company,Businesses,Wholesaler,Wholesaler,421312,Maharashtra Circle,Navi Mumbai Region,Thane Division,"Kudus S.O, Chamble B.O, Khupri B.O",+91 80821 52786,N/A,5.0,,"Gala No. 03, K. P. Grand Bldg. B, Opp. Coca Cola Company, Wada Bhiwandi Road, At Post Kudus,, Tal. Wada, Dist. Palghar, 421 312, Thane, Maharashtra 421312",421312,19.5413548,73.0995989,ChIJh6us1wJ15zsRIrc4X3QMhhg,https://www.google.com/maps/place/?q=place_id:ChIJh6us1wJ15zsRIrc4X3QMhhg,part_136,2026-09-22 06:15:12,63303
HIMALAYA INDUSTRIAL COMPLEX,Businesses,Company,Company,421312,Maharashtra Circle,Navi Mumbai Region,Thane Division,"Kudus S.O, Chamble B.O, Khupri B.O",+91 22 2676 4069,N/A,5.0,,"Himalaya Industrial Complex, Chinchgarh, Ambadi-Wada Road,, Ambadi-Wada road, Gaurapur - Kudus Rd, Khanivali, Maharashtra 421312",421312,19.539925,73.0869333,ChIJCWPpJbUK5zsRNCRoR1op8RM,https://www.google.com/maps/place/?q=place_id:ChIJCWPpJbUK5zsRNCRoR1op8RM,part_136,2026-09-22 06:15:12,63304
Shinde's House,Businesses,Housing complex,Housing complex,421312,Maharashtra Circle,Navi Mumbai Region,Thane Division,"Kudus S.O, Chamble B.O, Khupri B.O",N/A,N/A,5.0,,"H339+VHH, Budhavali, Maharashtra 421312",421312,19.5546856,73.06897219999999,ChIJyR-5UwAL5zsRyIPGsvtlRRk,https://www.google.com/maps/place/?q=place_id:ChIJyR-5UwAL5zsRyIPGsvtlRRk,part_136,2026-09-22 06:15:12,63305
Nitin Jawharkar,Businesses,Housing complex,Housing complex,421312,Maharashtra Circle,Navi Mumbai Region,Thane Division,"Kudus S.O, Chamble B.O, Khupri B.O",N/A,N/A,,,"G3HR+X89, Chinchghar, Maharashtra 421312",421312,19.5296421,73.0907938,ChIJf-_vLgB15zsRCkwGQ0fNwhE,https://www.google.com/maps/place/?q=place_id:ChIJf-_vLgB15zsRCkwGQ0fNwhE,part_136,2026-09-22 06:15:12,63306
SACHIN PASHTE,Businesses,Housing complex,Housing complex,421312,Maharashtra Circle,Navi Mumbai Region,Thane Division,"Kudus S.O, Chamble B.O, Khupri B.O",N/A,N/A,3.0,,"G39M+95H, Musarne, Maharashtra 421312",421312,19.518442099999998,73.0829907,ChIJq_HxFgCh5zsRpoMEnCtC1RQ,https://www.google.com/maps/place/?q=place_id:ChIJq_HxFgCh5zsRpoMEnCtC1RQ,part_136,2026-09-22 06:15:12,63307
Lp world Enterprises,Businesses,Corporate campus,Corporate campus,421312,Maharashtra Circle,Navi Mumbai Region,Thane Division,"Kudus S.O, Chamble B.O, Khupri B.O",N/A,N/A,4.9,,"Ambishte (Bk Post- Khanivali Tel- Wada, Dist, Maharashtra 401204",421312,19.6022055,73.0581519,ChIJg16I2VoL5zsRLjGks-EPNjs,https://www.google.com/maps/place/?q=place_id:ChIJg16I2VoL5zsRLjGks-EPNjs,part_136,2026-09-22 06:15:12,63308
Harshali Stone Crusher,Businesses,Business to business service,Business to business service,421312,Maharashtra Circle,Navi Mumbai Region,Thane Division,"Kudus S.O, Chamble B.O, Khupri B.O",N/A,N/A,4.1,,"F42R+WRP, Ashnoli, Dabhadi, Maharashtra 421302",421312,19.452344699999998,73.1420722,ChIJl3StNdye5zsR6V31P20hILQ,https://www.google.com/maps/place/?q=place_id:ChIJl3StNdye5zsR6V31P20hILQ,part_136,2026-09-22 06:15:12,63309
Saloni Business Park Pvt Ltd,Businesses,Farm,Farm,421312,Maharashtra Circle,Navi Mumbai Region,Thane Division,"Kudus S.O, Chamble B.O, Khupri B.O",N/A,N/A,4.1,,"J2XV+F36, Kharivali Tarf Kohoj, Maharashtra 421303",421312,19.648670799999998,73.04263519999999,ChIJ6_qUPP8M5zsRVJNBX_3Knvg,https://www.google.com/maps/place/?q=place_id:ChIJ6_qUPP8M5zsRVJNBX_3Knvg,part_136,2026-09-22 06:15:12,63310
Gala Precision Tech Pvt Ltd (HOERBIGER),Businesses,Manufacturer,Manufacturer,421312,Maharashtra Circle,Navi Mumbai Region,Thane Division,"Kudus S.O, Chamble B.O, Khupri B.O",N/A,N/A,4.5,,"Vadavali, Maharashtra 421312",421312,19.514001,73.094842,ChIJ8e4S9Puf5zsRm7afZjqczIk,https://www.google.com/maps/place/?q=place_id:ChIJ8e4S9Puf5zsRm7afZjqczIk,part_136,2026-09-22 06:15:12,63311
Universal Enterprises,Businesses,Mining company,Mining company,421312,Maharashtra Circle,Navi Mumbai Region,Thane Division,"Kudus S.O, Chamble B.O, Khupri B.O",+91 93593 83149,N/A,4.5,,"Ultratech, Dakiwali Rd, Taluka Wada, Dakivali, Maharashtra 421312",Taluka Wada,19.494907299999998,73.07123159999999,ChIJl6Rv1TWh5zsRtMvbwV8eFK0,https://www.google.com/maps/place/?q=place_id:ChIJl6Rv1TWh5zsRtMvbwV8eFK0,part_136,2026-09-22 06:15:12,63312
Micropure Parenterals Private Limited,Businesses,Pharmaceutical company,Pharmaceutical company,421312,Maharashtra Circle,Navi Mumbai Region,Thane Division,"Kudus S.O, Chamble B.O, Khupri B.O",N/A,N/A,4.4,,"Chikhale Rd, Nehroli, Maharashtra 421312",421312,19.6009906,73.12102349999999,ChIJKw4OT5B05zsR4Ehmb5i5I8I,https://www.google.com/maps/place/?q=place_id:ChIJKw4OT5B05zsR4Ehmb5i5I8I,part_136,2026-09-22 06:15:12,63313
sent company,Businesses,Manufacturer,Manufacturer,421312,Maharashtra Circle,Navi Mumbai Region,Thane Division,"Kudus S.O, Chamble B.O, Khupri B.O",N/A,N/A,4.4,7.0,"H4W5+GW9, Lakhamapur, Jamghar, Maharashtra 421312",421312,19.5962861,73.1098715,ChIJ5bOeW9h15zsREjEACLyHtWs,https://www.google.com/maps/place/?q=place_id:ChIJ5bOeW9h15zsREjEACLyHtWs,part_136,2026-09-22 06:15:13,63314
Contendre Solar,Businesses,Solar Energy Company,Solar Energy Company,421312,Maharashtra Circle,Navi Mumbai Region,Thane Division,"Kudus S.O, Chamble B.O, Khupri B.O",+91 91364 27555,https://www.contendresolar.com/,4.3,16.0,"Survey No. 350, 351, Bhiwandi - Wada Rd, opp. Amantran Hotel, Musarne, Wada, Maharashtra 421312",421312,19.5074275,73.0946711,ChIJQ8BWyzSX5zsRPBPqVeTKmnA,https://www.google.com/maps/place/?q=place_id:ChIJQ8BWyzSX5zsRPBPqVeTKmnA,part_136,2026-09-22 06:15:13,63315
Pelltech Healthcare Pvt.Ltd.Wada,Businesses,Pharmaceutical company,Pharmaceutical company,421312,Maharashtra Circle,Navi Mumbai Region,Thane Division,"Kudus S.O, Chamble B.O, Khupri B.O",+91 22 6752 5302,http://www.pelltechhealthcare.com/,4.3,16.0,"Tansa farm, Maharashtra 421312",421312,19.497667699999997,73.0986161,ChIJ2YfxrfKf5zsRhJr3CWMhPwo,https://www.google.com/maps/place/?q=place_id:ChIJ2YfxrfKf5zsRhJr3CWMhPwo,part_136,2026-09-22 06:15:13,63316
Mahindra Tractors - Commonwealth Sales Corp,Businesses,Tractor dealer,"Tractor dealer, Farm equipment supplier, Tractor repair shop",421312,Maharashtra Circle,Navi Mumbai Region,Thane Division,"Kudus S.O, Chamble B.O, Khupri B.O",+91 92840 07064,https://www.mahindratractor.com/,5.0,5.0,"Bhiwandi - Wada Rd, nearby Pallavi Restaturant, Gandhre, Maharashtra 421303",421312,19.6433255,73.1361898,ChIJ01HwuXlz5zsRBSznaIBubZg,https://www.google.com/maps/place/?q=place_id:ChIJ01HwuXlz5zsRBSznaIBubZg,part_136,2026-09-22 06:15:13,63317
PHADKE FARM,Businesses,Housing development,Housing development,421401,Maharashtra Circle,Navi Mumbai Region,Thane Division,"Murbad S.O, Kasegaon B.O, Khutal Baragaon B.O",+91 98330 06493,N/A,5.0,,"6G93+Q28,At.Vidhepada,post, Tal, Tulai, Murbad, Maharashtra 421401",421401,19.2194125,73.5025781,ChIJE7cAYQBh3TsRxU86CM4FVws,https://www.google.com/maps/place/?q=place_id:ChIJE7cAYQBh3TsRxU86CM4FVws,part_136,2026-09-22 06:15:49,64874
Bhau Janu Murbade,Businesses,Warehouse,Warehouse,421401,Maharashtra Circle,Navi Mumbai Region,Thane Division,"Murbad S.O, Kasegaon B.O, Khutal Baragaon B.O",N/A,N/A,5.0,,"6GVM+F35, Thune, Maharashtra 421401",421401,19.243866,73.5334002,ChIJOTMdBwBh3TsREDo1mwq_zFM,https://www.google.com/maps/place/?q=place_id:ChIJOTMdBwBh3TsREDo1mwq_zFM,part_136,2026-09-22 06:15:49,64875
Atish Bangar (Samarth Krupa Niwas),Businesses,Housing complex,Housing complex,421401,Maharashtra Circle,Navi Mumbai Region,Thane Division,"Murbad S.O, Kasegaon B.O, Khutal Baragaon B.O",N/A,N/A,1.0,,"7GP2+X6C, Murbad, Nevalpada, Maharashtra 421401",421401,19.2874268,73.5005133,ChIJk3k2awBj3TsRma9LqPfbivc,https://www.google.com/maps/place/?q=place_id:ChIJk3k2awBj3TsRma9LqPfbivc,part_136,2026-09-22 06:15:49,64876
Asian plywood company,Businesses,Warehouse,Warehouse,421401,Maharashtra Circle,Navi Mumbai Region,Thane Division,"Murbad S.O, Kasegaon B.O, Khutal Baragaon B.O",N/A,N/A,4.7,,"7FF6+46G, Kalyan - Ahilyanagar Hwy, Shivale, Maharashtra 421401",421401,19.2729773,73.4595145,ChIJhfL31jyL5zsR7JQeKnP7x1o,https://www.google.com/maps/place/?q=place_id:ChIJhfL31jyL5zsR7JQeKnP7x1o,part_136,2026-09-22 06:15:49,64877
Govind isame home,Businesses,Housing complex,Housing complex,421401,Maharashtra Circle,Navi Mumbai Region,Thane Division,"Murbad S.O, Kasegaon B.O, Khutal Baragaon B.O",N/A,N/A,,,"7FH8+HP4 swara petroleum, Vadachapada Town, NH 222, near HP Petrol Pump, Shivale, Murbad, Maharashtra 421401",421401,19.2788895,73.4668402,ChIJdbJ8Kq5j3TsRlYR6NM7jf5Q,https://www.google.com/maps/place/?q=place_id:ChIJdbJ8Kq5j3TsRlYR6NM7jf5Q,part_136,2026-09-22 06:15:49,64878
Sierra Farms,Businesses,Gated community,"Gated community, Farm",421401,Maharashtra Circle,Navi Mumbai Region,Thane Division,"Murbad S.O, Kasegaon B.O, Khutal Baragaon B.O",+91 81518 00300,http://www.sierrafarms.in/,4.7,,"Sierra farms, Khandare, Maharashtra 421401",421401,19.228744799999998,73.4677731,ChIJG7sGcplh3TsR6kqttHSjVlY,https://www.google.com/maps/place/?q=place_id:ChIJG7sGcplh3TsR6kqttHSjVlY,part_136,2026-09-22 06:15:49,64879
Chayam,Businesses,Tea store,Tea store,421401,Maharashtra Circle,Navi Mumbai Region,Thane Division,"Murbad S.O, Kasegaon B.O, Khutal Baragaon B.O",+91 99213 22114,https://www.instagram.com/chayam.official?igsh=MTl4ZGJpOTVrZGV5Nw==&utm_source=qr,5.0,,"Malshej Road, Murbad, Shivale, Maharashtra 421401",421401,19.269814,73.4508367,ChIJI7CGdLaL5zsRgeV2cjs04Mw,https://www.google.com/maps/place/?q=place_id:ChIJI7CGdLaL5zsRgeV2cjs04Mw,part_136,2026-09-22 06:15:49,64880
Shree Vighnahar Trading,Businesses,Animal feed store,Animal feed store,421401,Maharashtra Circle,Navi Mumbai Region,Thane Division,"Murbad S.O, Kasegaon B.O, Khutal Baragaon B.O",N/A,N/A,,,"BADERAO COMPLEX, Saralgaon - Kinhavali Rd, near Axis Bank ATM, Murbad, Saralgaon, Maharashtra 421401",421401,19.2857472,73.4905172,ChIJyyOea7Bj3TsRhE09GNgDpVA,https://www.google.com/maps/place/?q=place_id:ChIJyyOea7Bj3TsRhE09GNgDpVA,part_136,2026-09-22 06:15:49,64881
Tushar murbade,Businesses,Housing complex,Housing complex,421401,Maharashtra Circle,Navi Mumbai Region,Thane Division,"Murbad S.O, Kasegaon B.O, Khutal Baragaon B.O",N/A,N/A,,,"6GRM+H53, Thune, Maharashtra 421401",421401,19.2413818,73.5329091,ChIJZaNEiflh3TsRaZlmEXH6ixI,https://www.google.com/maps/place/?q=place_id:ChIJZaNEiflh3TsRaZlmEXH6ixI,part_136,2026-09-22 06:15:49,64882
Mahesh r.raikar,Businesses,Apartment building,Apartment building,421401,Maharashtra Circle,Navi Mumbai Region,Thane Division,"Murbad S.O, Kasegaon B.O, Khutal Baragaon B.O",N/A,N/A,,,"At, po, matanagar Ta, Murbad, Korawale, Maharashtra 421401",matanagar Ta,19.2574875,73.48872879999999,ChIJl4EJHgBh3TsRtBPRAB76cyc,https://www.google.com/maps/place/?q=place_id:ChIJl4EJHgBh3TsRtBPRAB76cyc,part_136,2026-09-22 06:15:49,64883
Ganraj park,Businesses,Housing society,Housing society,421401,Maharashtra Circle,Navi Mumbai Region,Thane Division,"Murbad S.O, Kasegaon B.O, Khutal Baragaon B.O",N/A,N/A,,,"7F4Q+XFX, Murbad, Korawale, Maharashtra 421401",421401,19.2574875,73.48872879999999,ChIJoZwoWkBh3TsR3SdnZrRIIjI,https://www.google.com/maps/place/?q=place_id:ChIJoZwoWkBh3TsR3SdnZrRIIjI,part_136,2026-09-22 06:15:49,64884
Mr. Murbade,Businesses,Housing complex,Housing complex,421401,Maharashtra Circle,Navi Mumbai Region,Thane Division,"Murbad S.O, Kasegaon B.O, Khutal Baragaon B.O",N/A,N/A,,,"6GWM+H22, Thune, Maharashtra 421401",421401,19.2463852,73.5325069,ChIJ_Zumm61h3TsRKF3FJKJ4pac,https://www.google.com/maps/place/?q=place_id:ChIJ_Zumm61h3TsRKF3FJKJ4pac,part_136,2026-09-22 06:15:49,64885
ह.भ.प.रंजित महराज गोडांबे यांचे निवासस्थान,Businesses,Housing complex,Housing complex,421401,Maharashtra Circle,Navi Mumbai Region,Thane Division,"Murbad S.O, Kasegaon B.O, Khutal Baragaon B.O",+91 92208 76794,N/A,5.0,,"6GGC+4VH, Kalambhe, Maharashtra 421401",421401,19.2248321,73.5209014,ChIJ2XrzVwBh3TsRwDQIntnv6v8,https://www.google.com/maps/place/?q=place_id:ChIJ2XrzVwBh3TsRwDQIntnv6v8,part_136,2026-09-22 06:15:49,64886
Farm House,Businesses,Housing complex,Housing complex,421401,Maharashtra Circle,Navi Mumbai Region,Thane Division,"Murbad S.O, Kasegaon B.O, Khutal Baragaon B.O",N/A,N/A,,,"7FG8+FXX, Murbad, Shivale, Maharashtra 421401",421401,19.276231,73.4674782,ChIJNwPcvuBh3TsRy3PeT93Atrs,https://www.google.com/maps/place/?q=place_id:ChIJNwPcvuBh3TsRy3PeT93Atrs,part_136,2026-09-22 06:15:49,64887
Suresh Jaitu Murbade Home,Businesses,Housing complex,Housing complex,421401,Maharashtra Circle,Navi Mumbai Region,Thane Division,"Murbad S.O, Kasegaon B.O, Khutal Baragaon B.O",N/A,N/A,,,"6GWM+75M, tal, Murbad, Thune, Maharashtra 421401",421401,19.245597999999998,73.532583,ChIJAQovXwBh3TsR40zmEqEhOAE,https://www.google.com/maps/place/?q=place_id:ChIJAQovXwBh3TsR40zmEqEhOAE,part_136,2026-09-22 06:15:49,64888
ROHIT RAMESH VYAPARI,Businesses,Housing complex,Housing complex,421401,Maharashtra Circle,Navi Mumbai Region,Thane Division,"Murbad S.O, Kasegaon B.O, Khutal Baragaon B.O",N/A,N/A,,,"7G8G+CR2, Murbad, Manivali Kh., Maharashtra 421401",421401,19.2660163,73.52700999999999,ChIJLRT3OmBh3TsRBeOfysj_gDI,https://www.google.com/maps/place/?q=place_id:ChIJLRT3OmBh3TsRBeOfysj_gDI,part_136,2026-09-22 06:15:49,64889
NAVNATH GURUNATH DESHMUKH,Businesses,Housing society,Housing society,421401,Maharashtra Circle,Navi Mumbai Region,Thane Division,"Murbad S.O, Kasegaon B.O, Khutal Baragaon B.O",N/A,N/A,5.0,,"6FH2+QMF, Dahigaon, Maharashtra 421401",421401,19.229445,73.4516695,ChIJgZ3aKwCL5zsRwf5uYm8wfuY,https://www.google.com/maps/place/?q=place_id:ChIJgZ3aKwCL5zsRwf5uYm8wfuY,part_136,2026-09-22 06:15:49,64890
Sairaj farms,Businesses,Housing development,Housing development,421401,Maharashtra Circle,Navi Mumbai Region,Thane Division,"Murbad S.O, Kasegaon B.O, Khutal Baragaon B.O",N/A,N/A,5.0,,"7F36+98, Kondesakhare, Maharashtra 421401",421401,19.2534819,73.4608179,ChIJ45zgKACL5zsR4eFVl1nkJfo,https://www.google.com/maps/place/?q=place_id:ChIJ45zgKACL5zsR4eFVl1nkJfo,part_136,2026-09-22 06:15:49,64891
Visionmech industries,Businesses,Manufacturer,Manufacturer,421401,Maharashtra Circle,Navi Mumbai Region,Thane Division,"Murbad S.O, Kasegaon B.O, Khutal Baragaon B.O",N/A,N/A,5.0,2.0,"7FC4+HVJ, Kalyan - Ahilyanagar Hwy, Shivale, Maharashtra 421401",421401,19.2716991,73.457098,ChIJQ0UMIwCL5zsRIKMLGdbB5js,https://www.google.com/maps/place/?q=place_id:ChIJQ0UMIwCL5zsRIKMLGdbB5js,part_136,2026-09-22 06:15:49,64892
GAURA FABRICATORS,Businesses,Industrial consultant,"Industrial consultant, Manufacturer",421401,Maharashtra Circle,Navi Mumbai Region,Thane Division,"Murbad S.O, Kasegaon B.O, Khutal Baragaon B.O",+91 2524 222 125,http://www.gaurafab.com/,5.0,1.0,"Gaura Fabricators, near Fire Station, Kudavali, Maharashtra 421401",421401,19.272954,73.397469,ChIJ8xIjzWGJ5zsRyKiZUgKIJcE,https://www.google.com/maps/place/?q=place_id:ChIJ8xIjzWGJ5zsRyKiZUgKIJcE,part_136,2026-09-22 06:15:49,64893
TECHNOCRAFT INDUSTRIES INDIA LIMITED C5,Businesses,Manufacturer,Manufacturer,421401,Maharashtra Circle,Navi Mumbai Region,Thane Division,"Murbad S.O, Kasegaon B.O, Khutal Baragaon B.O",N/A,N/A,4.8,17.0,"C5, Additional MIDC, Murbad, Maharashtra 421401",Additional MIDC,19.2624143,73.3877076,ChIJmTRBzeWL5zsRAJYzRWWM1Kw,https://www.google.com/maps/place/?q=place_id:ChIJmTRBzeWL5zsRAJYzRWWM1Kw,part_136,2026-09-22 06:15:49,64894
Patil's Farm,Businesses,Villa,Villa,421401,Maharashtra Circle,Navi Mumbai Region,Thane Division,"Murbad S.O, Kasegaon B.O, Khutal Baragaon B.O",N/A,N/A,4.9,14.0,"6G7F+4Q9, Talekhal, Uchale, Maharashtra 421401",421401,19.2134127,73.52410929999999,ChIJWzLaWG9h3TsREj8L9TWV3Wc,https://www.google.com/maps/place/?q=place_id:ChIJWzLaWG9h3TsREj8L9TWV3Wc,part_136,2026-09-22 06:15:49,64895
Biotime Pharmaceuticals Private Limited,Businesses,Pharmaceutical company,Pharmaceutical company,421401,Maharashtra Circle,Navi Mumbai Region,Thane Division,"Murbad S.O, Kasegaon B.O, Khutal Baragaon B.O",+91 86699 83000,http://www.biotime.us/,5.0,6.0,"Plot No K14, Additional, MIDC, near Fire Station, Kudavali, Maharashtra 421401",421401,19.2745346,73.400491,ChIJL1rFNWSJ5zsR6rRjTC8lV_A,https://www.google.com/maps/place/?q=place_id:ChIJL1rFNWSJ5zsR6rRjTC8lV_A,part_136,2026-09-22 06:15:49,64896
Vreesa solar,Businesses,Solar energy equipment supplier,Solar energy equipment supplier,421401,Maharashtra Circle,Navi Mumbai Region,Thane Division,"Murbad S.O, Kasegaon B.O, Khutal Baragaon B.O",+91 93704 78787,http://www.vreesasolar.in/,4.7,13.0,"101saroshsprite axise bank, Murbard, Vidya Nagar Rd, Murbad, Maharashtra 421401",421401,19.2575575,73.39376949999999,ChIJjf3QSoSL5zsRJBGgS5pzXS4,https://www.google.com/maps/place/?q=place_id:ChIJjf3QSoSL5zsRJBGgS5pzXS4,part_136,2026-09-22 06:15:49,64897
Tadpatry company,Businesses,Warehouse,Warehouse,421401,Maharashtra Circle,Navi Mumbai Region,Thane Division,"Murbad S.O, Kasegaon B.O, Khutal Baragaon B.O",N/A,N/A,,,"795X+MGQ, Additional MIDC, Shirgaon, Murbad, Maharashtra 421401","Additional MIDC, Shirgaon",19.2592188,73.3988521,ChIJoTk7tbGL5zsRLIhqDQCwlFM,https://www.google.com/maps/place/?q=place_id:ChIJoTk7tbGL5zsRLIhqDQCwlFM,part_136,2026-09-22 06:15:50,64898
Godambe Home,Businesses,Apartment building,Apartment building,421401,Maharashtra Circle,Navi Mumbai Region,Thane Division,"Murbad S.O, Kasegaon B.O, Khutal Baragaon B.O",N/A,N/A,,,"6G86+HR6 Murbad, Tulai, Maharashtra 421401",421401,19.216601,73.511915,ChIJM09EJABh3TsRLA3RKlq7GLQ,https://www.google.com/maps/place/?q=place_id:ChIJM09EJABh3TsRLA3RKlq7GLQ,part_136,2026-09-22 06:15:50,64899
Siddhesh farmhouse,Businesses,Villa,"Villa, Cricket ground",421401,Maharashtra Circle,Navi Mumbai Region,Thane Division,"Murbad S.O, Kasegaon B.O, Khutal Baragaon B.O",N/A,N/A,5.0,1.0,"partale, near bus stop, Dahivali, Saralgaon, Maharashtra 421401",421401,19.2722805,73.50698349999999,ChIJF4QoaKhh3TsRIdIUwqJZNwc,https://www.google.com/maps/place/?q=place_id:ChIJF4QoaKhh3TsRIdIUwqJZNwc,part_136,2026-09-22 06:15:50,64900
Minda Corporation Limited – Wiring Harness Division - Murbad,Businesses,Manufacturer,"Manufacturer, Auto parts store",421401,Maharashtra Circle,Navi Mumbai Region,Thane Division,"Murbad S.O, Kasegaon B.O, Khutal Baragaon B.O",N/A,http://www.sparkminda.com/,4.1,,"DHANIVLI VILLAGE, MURBAD TOWN KALYAN-MURBAD ROAD, TALUKA, Murbad, Maharashtra 400076",421401,19.2579705,73.3659723,ChIJPc4yoICL5zsR9bBCunDkk6c,https://www.google.com/maps/place/?q=place_id:ChIJPc4yoICL5zsR9bBCunDkk6c,part_136,2026-09-22 06:15:50,64901
Rajco Metal Industries Pvt Ltd (Factory),Businesses,Manufacturer,Manufacturer,421401,Maharashtra Circle,Navi Mumbai Region,Thane Division,"Murbad S.O, Kasegaon B.O, Khutal Baragaon B.O",N/A,http://www.rajcogroup.com/,4.7,,"Plot No C4, MIDC Industrial Area, Murbad, Maharashtra 421401",Additional MIDC,19.262515699999998,73.3881815,ChIJA2_8-wuL5zsRW3gUUN_Dql8,https://www.google.com/maps/place/?q=place_id:ChIJA2_8-wuL5zsRW3gUUN_Dql8,part_136,2026-09-22 06:15:50,64902
Eastman Dealer - Viraj Enterprise,Businesses,Battery Store,"Battery Store, Battery Wholesaler, Solar energy system service, Solar energy equipment supplier, Solar panel maintenance service",421401,Maharashtra Circle,Navi Mumbai Region,Thane Division,"Murbad S.O, Kasegaon B.O, Khutal Baragaon B.O",+91 98199 04446,https://eastmanbattery.in/,,,"No 448, Jai Vaibhav Niwas, Ganesh Mandir Rd, Titvala, Kalyan, Maharashtra 421605",Titvala,19.2967127,73.206966,ChIJoeY4m_eR5zsRrw35h_u2ZuM,https://www.google.com/maps/place/?q=place_id:ChIJoeY4m_eR5zsRrw35h_u2ZuM,part_136,2026-09-22 06:15:50,64903
Yogesh Wagh,Businesses,Housing complex,Housing complex,421402,Maharashtra circle,Navi Mumbai Region,Thane Division,"Balegaon B.O, Mal B.O, Palu B.O",N/A,N/A,3.5,,"7JMW+FHM, Waghgaon, Maharashtra 421402",421402,19.2837192,73.6464553,ChIJ_SGFIehn3TsR928WQ3Lmx6g,https://www.google.com/maps/place/?q=place_id:ChIJ_SGFIehn3TsR928WQ3Lmx6g,part_136,2026-09-22 06:16:22,66290
Belpada,Businesses,Housing complex,Housing complex,421402,Maharashtra circle,Navi Mumbai Region,Thane Division,"Balegaon B.O, Mal B.O, Palu B.O",N/A,N/A,4.7,,"7J6M+FQ, Songaon, Maharashtra 421402",421402,19.261192599999998,73.6344283,ChIJmyYRZpJn3TsRfbIfkWvomqY,https://www.google.com/maps/place/?q=place_id:ChIJmyYRZpJn3TsRfbIfkWvomqY,part_136,2026-09-22 06:16:22,66291
Chousalkar Wadi,Businesses,Apartment building,Apartment building,421402,Maharashtra circle,Navi Mumbai Region,Thane Division,"Balegaon B.O, Mal B.O, Palu B.O",N/A,N/A,3.0,,"Songaon, Maharashtra 421402",421402,19.2668139,73.6292832,ChIJLR-fVtpn3TsR1TTpnyqEtns,https://www.google.com/maps/place/?q=place_id:ChIJLR-fVtpn3TsR1TTpnyqEtns,part_136,2026-09-22 06:16:22,66292
Bhaskar nichite,Businesses,Housing complex,Housing complex,421402,Maharashtra circle,Navi Mumbai Region,Thane Division,"Balegaon B.O, Mal B.O, Palu B.O",N/A,N/A,4.7,,"7JMC+284, Tokawade, Eklahare, Maharashtra 421402",421402,19.2825195,73.6208405,ChIJPfskBwBn3TsRl_m-z1Tu5DA,https://www.google.com/maps/place/?q=place_id:ChIJPfskBwBn3TsRl_m-z1Tu5DA,part_136,2026-09-22 06:16:22,66293
Bhoir farm,Businesses,Farm,Farm,421402,Maharashtra circle,Navi Mumbai Region,Thane Division,"Balegaon B.O, Mal B.O, Palu B.O",N/A,N/A,5.0,,"7J5P+45Q, Songaon, Maharashtra 421402",421402,19.258135199999998,73.6361222,ChIJKzYzGABn3TsRfD_02EqOmZU,https://www.google.com/maps/place/?q=place_id:ChIJKzYzGABn3TsRfD_02EqOmZU,part_136,2026-09-22 06:16:22,66294
Wahane Farms,Businesses,Housing complex,Housing complex,421402,Maharashtra circle,Navi Mumbai Region,Thane Division,"Balegaon B.O, Mal B.O, Palu B.O",+91 85910 49710,N/A,5.0,,"Dahigaon, Maharashtra 421402",421402,19.2732921,73.619419,ChIJ4ZS0tThn3TsReZ3McpRQjQk,https://www.google.com/maps/place/?q=place_id:ChIJ4ZS0tThn3TsReZ3McpRQjQk,part_136,2026-09-22 06:16:22,66295
Editing Ganesh,Businesses,Housing complex,Housing complex,421402,Maharashtra circle,Navi Mumbai Region,Thane Division,"Balegaon B.O, Mal B.O, Palu B.O",N/A,N/A,,,"7MP2+P77, Waghgaon, Maharashtra 421402",421402,19.286782199999998,73.6506776,ChIJ0yikGABn3TsRAyMdMgKzotA,https://www.google.com/maps/place/?q=place_id:ChIJ0yikGABn3TsRAyMdMgKzotA,part_136,2026-09-22 06:16:22,66296
Sandip Gaikar home 🏡,Businesses,Apartment complex,Apartment complex,421402,Maharashtra circle,Navi Mumbai Region,Thane Division,"Balegaon B.O, Mal B.O, Palu B.O",N/A,N/A,4.0,,"7JPR+78W, Pendhari, Maharashtra 421402",421402,19.2860949,73.64096169999999,ChIJTUCHZwBn3TsRx0p3-OlGgU0,https://www.google.com/maps/place/?q=place_id:ChIJTUCHZwBn3TsRx0p3-OlGgU0,part_136,2026-09-22 06:16:22,66297
PRAVIN BHOIR,Businesses,Housing development,Housing development,421402,Maharashtra circle,Navi Mumbai Region,Thane Division,"Balegaon B.O, Mal B.O, Palu B.O",N/A,N/A,,,"7J4P+R9V, Songaon, Maharashtra 421402",421402,19.257121899999998,73.63592349999999,ChIJSZHSu_1n3TsRtvfl78Au3So,https://www.google.com/maps/place/?q=place_id:ChIJSZHSu_1n3TsRtvfl78Au3So,part_136,2026-09-22 06:16:22,66298
Ganraj farmhouse . Sandeep bhane,Businesses,Warehouse,Warehouse,421402,Maharashtra circle,Navi Mumbai Region,Thane Division,"Balegaon B.O, Mal B.O, Palu B.O",N/A,N/A,4.0,,"7J7G+R4, Songaon, Maharashtra 421402",421402,19.2644753,73.6253096,ChIJNyXYgNJn3TsRdYwEG_Pwb6A,https://www.google.com/maps/place/?q=place_id:ChIJNyXYgNJn3TsRdYwEG_Pwb6A,part_136,2026-09-22 06:16:22,66299
Chintamani Niwas,Businesses,Housing complex,Housing complex,421402,Maharashtra circle,Navi Mumbai Region,Thane Division,"Balegaon B.O, Mal B.O, Palu B.O",N/A,N/A,5.0,,"7J74+FPQ, Dahigaon, Maharashtra 421402",421402,19.263719599999998,73.60686489999999,ChIJg5qFLQBn3TsRAQL6QUBpxnI,https://www.google.com/maps/place/?q=place_id:ChIJg5qFLQBn3TsRAQL6QUBpxnI,part_136,2026-09-22 06:16:22,66300
Dnyaneshwar bhoir,Businesses,Housing complex,Housing complex,421402,Maharashtra circle,Navi Mumbai Region,Thane Division,"Balegaon B.O, Mal B.O, Palu B.O",N/A,N/A,,,"7J4M+6FP, Sonavale, Maharashtra 421402",421402,19.2555887,73.633704,ChIJP5aiTwBn3TsRBTLmXS2SCLA,https://www.google.com/maps/place/?q=place_id:ChIJP5aiTwBn3TsRBTLmXS2SCLA,part_136,2026-09-22 06:16:22,66301
Samir Gaikar Home,Businesses,Housing society,Housing society,421402,Maharashtra circle,Navi Mumbai Region,Thane Division,"Balegaon B.O, Mal B.O, Palu B.O",N/A,N/A,5.0,,"7JPP+XGW, Unnamed Road, Pendhari, Maharashtra 421402",421402,19.287481,73.6363129,ChIJFVVjHmNn3TsRyJkxBzNJZ4w,https://www.google.com/maps/place/?q=place_id:ChIJFVVjHmNn3TsRyJkxBzNJZ4w,part_136,2026-09-22 06:16:22,66302
Balu Hindola home,Businesses,Housing society,Housing society,421402,Maharashtra circle,Navi Mumbai Region,Thane Division,"Balegaon B.O, Mal B.O, Palu B.O",N/A,N/A,,,"7JMW+C9, Waghgaon, Maharashtra 421402",421402,19.283552,73.645929,ChIJp7E9dgBn3TsRLsyNHxAY6qk,https://www.google.com/maps/place/?q=place_id:ChIJp7E9dgBn3TsRLsyNHxAY6qk,part_136,2026-09-22 06:16:22,66303
Abhijit Gholap Home,Businesses,Housing complex,Housing complex,421402,Maharashtra circle,Navi Mumbai Region,Thane Division,"Balegaon B.O, Mal B.O, Palu B.O",N/A,N/A,,,"7JPR+78W, Pendhari, Maharashtra 421402",421402,19.2857274,73.64083049999999,ChIJR72FnGtn3TsRHRb7qWun9xs,https://www.google.com/maps/place/?q=place_id:ChIJR72FnGtn3TsRHRb7qWun9xs,part_136,2026-09-22 06:16:22,66304
Shree Dattakrupa paper plate,Businesses,Manufacturer,Manufacturer,421402,Maharashtra circle,Navi Mumbai Region,Thane Division,"Balegaon B.O, Mal B.O, Palu B.O",N/A,N/A,4.8,26.0,"9JP3+3FP, Murbad, Mal, Maharashtra 421402",421402,19.384056299999997,73.6029681,ChIJRcpaQwB73TsRK3wyycBUxvA,https://www.google.com/maps/place/?q=place_id:ChIJRcpaQwB73TsRK3wyycBUxvA,part_136,2026-09-22 06:16:22,66305
Shri Samarth Krupa Nursery,Businesses,Plant nursery,Plant nursery,421402,Maharashtra circle,Navi Mumbai Region,Thane Division,"Balegaon B.O, Mal B.O, Palu B.O",+91 77748 77757,N/A,4.5,30.0,"Saralgaon, Nevalpada, Maharashtra 421401",421402,19.2864847,73.50665959999999,ChIJjUEj3iti3TsRLyuKAfObPyY,https://www.google.com/maps/place/?q=place_id:ChIJjUEj3iti3TsRLyuKAfObPyY,part_136,2026-09-22 06:16:22,66306
Rohit choudhari,Businesses,Housing complex,Housing complex,421402,Maharashtra circle,Navi Mumbai Region,Thane Division,"Balegaon B.O, Mal B.O, Palu B.O",N/A,N/A,5.0,2.0,"Tulai, Maharashtra 421401",421402,19.2172701,73.51204609999999,ChIJ6W3ARpJh3TsR62THQIf1m-A,https://www.google.com/maps/place/?q=place_id:ChIJ6W3ARpJh3TsR62THQIf1m-A,part_136,2026-09-22 06:16:22,66307
Hedavali,Businesses,Warehouse,Warehouse,421402,Maharashtra circle,Navi Mumbai Region,Thane Division,"Balegaon B.O, Mal B.O, Palu B.O",N/A,N/A,4.3,3.0,"Hedavali, Maharashtra 421402",421402,19.3170726,73.6035782,ChIJfZwCvJpl3TsRpt46fiGiO4A,https://www.google.com/maps/place/?q=place_id:ChIJfZwCvJpl3TsRpt46fiGiO4A,part_136,2026-09-22 06:16:22,66308
Sairat Villa,Businesses,Housing complex,Housing complex,421402,Maharashtra circle,Navi Mumbai Region,Thane Division,"Balegaon B.O, Mal B.O, Palu B.O",N/A,N/A,5.0,2.0,"6H76+QH5, Milhe, Ganeshpur, Maharashtra 421401",421402,19.2143964,73.5614775,ChIJe2qWMgBn3TsRYJbMzB1aIns,https://www.google.com/maps/place/?q=place_id:ChIJe2qWMgBn3TsRYJbMzB1aIns,part_136,2026-09-22 06:16:22,66309
Advikam Nest,Businesses,Farm,Farm,421402,Maharashtra circle,Navi Mumbai Region,Thane Division,"Balegaon B.O, Mal B.O, Palu B.O",N/A,https://advikam-nest.grexa.site/,4.9,49.0,"Sakhare, Maharashtra 421401",421402,19.3014928,73.5352565,ChIJn5qJ_TZj3TsRoTMam_DG3hw,https://www.google.com/maps/place/?q=place_id:ChIJn5qJ_TZj3TsRoTMam_DG3hw,part_136,2026-09-22 06:16:22,66310
"Deshmukhwadi Homestay,Moroshi",Businesses,Housing society,Housing society,421402,Maharashtra circle,Navi Mumbai Region,Thane Division,"Balegaon B.O, Mal B.O, Palu B.O",N/A,N/A,5.0,1.0,"8MPW+67J, Ganeshpur, Maharashtra 421401",421402,19.335593199999998,73.6956368,ChIJW0CLPgBv3TsR_CcYSC_Qb-Y,https://www.google.com/maps/place/?q=place_id:ChIJW0CLPgBv3TsR_CcYSC_Qb-Y,part_136,2026-09-22 06:16:22,66311
Goldcroft Farms,Businesses,Farm,Farm,421402,Maharashtra circle,Navi Mumbai Region,Thane Division,"Balegaon B.O, Mal B.O, Palu B.O",+91 87796 87599,N/A,4.3,3.0,"Majgaon, Maharashtra 421401",421402,19.256589599999998,73.5088861,ChIJW8lpU6Bh3TsRGzyaB7j7jS0,https://www.google.com/maps/place/?q=place_id:ChIJW8lpU6Bh3TsRGzyaB7j7jS0,part_136,2026-09-22 06:16:22,66312
VANARAI FARM AND NURSERY,Businesses,Plant nursery,Plant nursery,421402,Maharashtra circle,Navi Mumbai Region,Thane Division,"Balegaon B.O, Mal B.O, Palu B.O",+91 93245 14290,N/A,4.8,56.0,"Dahigaon, Maharashtra 421402",421402,19.262383,73.61752299999999,ChIJdz-ulpdn3TsRNpSkjBT0mNg,https://www.google.com/maps/place/?q=place_id:ChIJdz-ulpdn3TsRNpSkjBT0mNg,part_136,2026-09-22 06:16:22,66313
GULMOHAR FARMHOUSE,Businesses,Farm,Farm,421402,Maharashtra circle,Navi Mumbai Region,Thane Division,"Balegaon B.O, Mal B.O, Palu B.O",N/A,N/A,4.8,,"7J7C+9QP, Dhasai, Palu Road, Songaon, Murbad, Maharashtra 421402",Songaon,19.2634612,73.6219484,ChIJ9ed82s1n3TsRml9ogHKCI4A,https://www.google.com/maps/place/?q=place_id:ChIJ9ed82s1n3TsRml9ogHKCI4A,part_136,2026-09-22 06:16:23,66314
Dhasai dam,Businesses,River port,River port,421402,Maharashtra circle,Navi Mumbai Region,Thane Division,"Balegaon B.O, Mal B.O, Palu B.O",N/A,N/A,4.8,,"7J66+7W, Dahigaon, Maharashtra 421402",421402,19.260749099999998,73.6123349,ChIJk6yVJL1n3TsRraKE12rX0oY,https://www.google.com/maps/place/?q=place_id:ChIJk6yVJL1n3TsRraKE12rX0oY,part_136,2026-09-22 06:16:23,66315
Mohan khandavi House,Businesses,Housing complex,Housing complex,421402,Maharashtra circle,Navi Mumbai Region,Thane Division,"Balegaon B.O, Mal B.O, Palu B.O",+91 79725 97644,N/A,4.0,,"7JMW+H5W, Pendhari, Maharashtra 421402",421402,19.2839974,73.6454498,ChIJuwsR4V9n3TsRYW2nsJ5fru8,https://www.google.com/maps/place/?q=place_id:ChIJuwsR4V9n3TsRYW2nsJ5fru8,part_136,2026-09-22 06:16:23,66316
Pathak farm,Businesses,Apartment building,Apartment building,421402,Maharashtra circle,Navi Mumbai Region,Thane Division,"Balegaon B.O, Mal B.O, Palu B.O",N/A,N/A,5.0,,"7JQF+WC7, Eklahare, Maharashtra 421402",421402,19.2897762,73.62356059999999,ChIJgy1vS_Nn3TsRHP48ZI938zo,https://www.google.com/maps/place/?q=place_id:ChIJgy1vS_Nn3TsRHP48ZI938zo,part_136,2026-09-22 06:16:23,66317
Sonagav,Businesses,Housing society,Housing society,421402,Maharashtra circle,Navi Mumbai Region,Thane Division,"Balegaon B.O, Mal B.O, Palu B.O",N/A,N/A,4.5,,"7J7G+MPR, Songaon, Maharashtra 421402",421402,19.2642491,73.62676689999999,ChIJS7N-GZJn3TsRO6LbfMB91h0,https://www.google.com/maps/place/?q=place_id:ChIJS7N-GZJn3TsRO6LbfMB91h0,part_136,2026-09-22 06:16:23,66318
Tushar nimase,Businesses,Housing complex,Housing complex,421403,Maharashtra circle,Navi Mumbai Region,Thane Division,"Gegaon B.O, Kharid B.O, Kinholi S.O",N/A,N/A,5.0,,"9GC8+W3X, Vehloli Kh., Maharashtra 421403",421403,19.372361899999998,73.51523809999999,ChIJIR_5hydj3TsRMY9uAMyUELc,https://www.google.com/maps/place/?q=place_id:ChIJIR_5hydj3TsRMY9uAMyUELc,part_136,2026-09-22 06:16:56,67325
Jitesh Devidas Ubale,Businesses,Housing complex,Housing complex,421403,Maharashtra circle,Navi Mumbai Region,Thane Division,"Gegaon B.O, Kharid B.O, Kinholi S.O",N/A,N/A,5.0,,"9F2M+6C9, Kinhavali, Maharashtra 421403",421403,19.3505275,73.4836067,ChIJm0pDqylj3TsRWAtegqouMVk,https://www.google.com/maps/place/?q=place_id:ChIJm0pDqylj3TsRWAtegqouMVk,part_136,2026-09-22 06:16:56,67326
Samarth Krupa Building,Businesses,Apartment building,Apartment building,421403,Maharashtra circle,Navi Mumbai Region,Thane Division,"Gegaon B.O, Kharid B.O, Kinholi S.O",N/A,N/A,5.0,,"9F3J+V5C, Saralgaon, Kinhavali, Maharashtra 421403",421403,19.3546945,73.480403,ChIJjdmiCQBj3TsRokmG5AU191o,https://www.google.com/maps/place/?q=place_id:ChIJjdmiCQBj3TsRokmG5AU191o,part_136,2026-09-22 06:16:56,67327
Pravin Vasant Desale,Businesses,Apartment building,Apartment building,421403,Maharashtra circle,Navi Mumbai Region,Thane Division,"Gegaon B.O, Kharid B.O, Kinholi S.O",N/A,N/A,5.0,,"9G52+3C4, Chikhalgaon, Maharashtra 421403",421403,19.3576296,73.5010849,ChIJyyemMgBj3TsRRs9UyRbhccs,https://www.google.com/maps/place/?q=place_id:ChIJyyemMgBj3TsRRs9UyRbhccs,part_136,2026-09-22 06:16:56,67328
आई राणदेवी चौक खडकीअली,Businesses,Corporate campus,Corporate campus,421403,Maharashtra circle,Navi Mumbai Region,Thane Division,"Gegaon B.O, Kharid B.O, Kinholi S.O",N/A,N/A,,,"9F3J+674, Kinhavali, Maharashtra 421403",421403,19.3530133,73.4806906,ChIJJz5_LABj3TsRhnAufxOrHGk,https://www.google.com/maps/place/?q=place_id:ChIJJz5_LABj3TsRhnAufxOrHGk,part_136,2026-09-22 06:16:56,67329
Mangalmurti (DiLip Ghude),Businesses,Apartment building,Apartment building,421403,Maharashtra circle,Navi Mumbai Region,Thane Division,"Gegaon B.O, Kharid B.O, Kinholi S.O",N/A,N/A,5.0,,"9F5H+M4C, Kinhavali, Maharashtra 421403",421403,19.3592661,73.4778695,ChIJjypTDWxj3TsRON01gApojRY,https://www.google.com/maps/place/?q=place_id:ChIJjypTDWxj3TsRON01gApojRY,part_136,2026-09-22 06:16:56,67330
श्री गुरुकृपा पॅलेस,Businesses,Apartment building,Apartment building,421403,Maharashtra circle,Navi Mumbai Region,Thane Division,"Gegaon B.O, Kharid B.O, Kinholi S.O",N/A,N/A,4.0,,"New Gurukul, Kinhavali, Maharashtra 421403",421403,19.3533668,73.4813645,ChIJc5yZKABj3TsR5Lo2DFRbe1s,https://www.google.com/maps/place/?q=place_id:ChIJc5yZKABj3TsR5Lo2DFRbe1s,part_136,2026-09-22 06:16:56,67331
Aai Mauli Nivas,Businesses,Housing complex,Housing complex,421403,Maharashtra circle,Navi Mumbai Region,Thane Division,"Gegaon B.O, Kharid B.O, Kinholi S.O",N/A,N/A,5.0,,"9F3J+V5C, Kinhavali, Maharashtra 421403",421403,19.3546945,73.480403,ChIJhUNHdwBj3TsR3J8TY0AaFv4,https://www.google.com/maps/place/?q=place_id:ChIJhUNHdwBj3TsR3J8TY0AaFv4,part_136,2026-09-22 06:16:56,67332
MOHIPADA,Businesses,Housing complex,Housing complex,421403,Maharashtra circle,Navi Mumbai Region,Thane Division,"Gegaon B.O, Kharid B.O, Kinholi S.O",N/A,N/A,5.0,,"9G56+6FJ, Chikhalgaon, Maharashtra 421403",421403,19.3580966,73.5111385,ChIJdbGhZ21j3TsREU8fZYoVmvg,https://www.google.com/maps/place/?q=place_id:ChIJdbGhZ21j3TsREU8fZYoVmvg,part_136,2026-09-22 06:16:56,67333
PRASANNA DEAHMUKH,Businesses,Condominium complex,Condominium complex,421403,Maharashtra circle,Navi Mumbai Region,Thane Division,"Gegaon B.O, Kharid B.O, Kinholi S.O",N/A,N/A,,,"9F3J+8GX, Kinhavali, Maharashtra 421403",421403,19.3533668,73.4813645,ChIJF_KCKgBj3TsR40rVPUet0CU,https://www.google.com/maps/place/?q=place_id:ChIJF_KCKgBj3TsR40rVPUet0CU,part_136,2026-09-22 06:16:56,67334
Vilas Harne Home,Businesses,Housing complex,Housing complex,421403,Maharashtra circle,Navi Mumbai Region,Thane Division,"Gegaon B.O, Kharid B.O, Kinholi S.O",N/A,N/A,5.0,,"9GC7+FV4, Vehloli Kh., Maharashtra 421403",421403,19.3713613,73.5148054,ChIJR2QkVQBj3TsR3M4X1VGc_Lc,https://www.google.com/maps/place/?q=place_id:ChIJR2QkVQBj3TsR3M4X1VGc_Lc,part_136,2026-09-22 06:16:56,67335
Bhoir Nagar,Businesses,Housing complex,Housing complex,421403,Maharashtra circle,Navi Mumbai Region,Thane Division,"Gegaon B.O, Kharid B.O, Kinholi S.O",N/A,N/A,,,"9F3J+R6C, Kinhavali, Maharashtra 421403",421403,19.3545645,73.4805288,ChIJVyTyEP5j3TsRviTSXGHgZKo,https://www.google.com/maps/place/?q=place_id:ChIJVyTyEP5j3TsRviTSXGHgZKo,part_136,2026-09-22 06:16:56,67336
Nitin Vitthal Desale,Businesses,Housing society,Housing society,421403,Maharashtra circle,Navi Mumbai Region,Thane Division,"Gegaon B.O, Kharid B.O, Kinholi S.O",N/A,N/A,,,"9G56+4J9, Chikhalgaon, Kinhavali, Maharashtra 421403",421403,19.3577784,73.51159779999999,ChIJQV7SVQBj3TsRO4MerD767HE,https://www.google.com/maps/place/?q=place_id:ChIJQV7SVQBj3TsRO4MerD767HE,part_136,2026-09-22 06:16:56,67337
Laxman Kamdi,Businesses,Housing society,Housing society,421403,Maharashtra circle,Navi Mumbai Region,Thane Division,"Gegaon B.O, Kharid B.O, Kinholi S.O",N/A,N/A,,,"9F3J+8GX, Kinhavali, Maharashtra 421403",421403,19.3533668,73.4813645,ChIJead6FABj3TsRrniCoXRV6D8,https://www.google.com/maps/place/?q=place_id:ChIJead6FABj3TsRrniCoXRV6D8,part_136,2026-09-22 06:16:56,67338
Bhushan Jadhav's House,Businesses,Housing complex,Housing complex,421403,Maharashtra circle,Navi Mumbai Region,Thane Division,"Gegaon B.O, Kharid B.O, Kinholi S.O",N/A,N/A,2.0,,"9F5H+JH2, Kinhavali, Maharashtra 421403",421403,19.3590136,73.4788987,ChIJW2nqLQBj3TsRjjTgqmo1w5E,https://www.google.com/maps/place/?q=place_id:ChIJW2nqLQBj3TsRjjTgqmo1w5E,part_136,2026-09-22 06:16:56,67339
Paddy Purchase Center - Mungaon,Businesses,Warehouse,Warehouse,421403,Maharashtra circle,Navi Mumbai Region,Thane Division,"Gegaon B.O, Kharid B.O, Kinholi S.O",N/A,N/A,,,"9F3H+JW5, Kinhavali, Maharashtra 421403",421403,19.3540426,73.4799304,ChIJkfOmDQBj3TsR06n86I3nO9w,https://www.google.com/maps/place/?q=place_id:ChIJkfOmDQBj3TsR06n86I3nO9w,part_136,2026-09-22 06:16:56,67340
Divine Life Farms,Businesses,Farm,Farm,421403,Maharashtra circle,Navi Mumbai Region,Thane Division,"Gegaon B.O, Kharid B.O, Kinholi S.O",N/A,N/A,5.0,,"9GG7+C6, Vehloli Kh., Maharashtra 421403",421403,19.376044,73.5130757,ChIJQSJuIwB93TsRd4-lWzB8ZqM,https://www.google.com/maps/place/?q=place_id:ChIJQSJuIwB93TsRd4-lWzB8ZqM,part_136,2026-09-22 06:16:56,67341
Abhishek Desale,Businesses,Housing complex,Housing complex,421403,Maharashtra circle,Navi Mumbai Region,Thane Division,"Gegaon B.O, Kharid B.O, Kinholi S.O",N/A,N/A,,,"9GC7+FV9, Vehloli Kh., Maharashtra 421403",421403,19.3711684,73.51472869999999,ChIJmX5gCwBj3TsRN6_XKC7D4d8,https://www.google.com/maps/place/?q=place_id:ChIJmX5gCwBj3TsRN6_XKC7D4d8,part_136,2026-09-22 06:16:56,67342
Shree Enterprises Kulhads Manufacturer,Businesses,Manufacturer,Manufacturer,421403,Maharashtra circle,Navi Mumbai Region,Thane Division,"Gegaon B.O, Kharid B.O, Kinholi S.O",+91 88981 76939,N/A,5.0,1.0,"Post, At, Bhadane, Saralgaon, Maharashtra 421401",At,19.313898599999998,73.4725759,ChIJFa2uutZj3TsRzrOv6Izxr_I,https://www.google.com/maps/place/?q=place_id:ChIJFa2uutZj3TsRzrOv6Izxr_I,part_136,2026-09-22 06:16:57,67343
Akash Pawar 🏡,Businesses,Apartment building,Apartment building,421403,Maharashtra circle,Navi Mumbai Region,Thane Division,"Gegaon B.O, Kharid B.O, Kinholi S.O",N/A,N/A,5.0,3.0,"7CRW+MPC, Malhed, Maharashtra 421401",421403,19.2916968,73.4467705,ChIJJ6m7YgCJ5zsRLFaXnkUn-DQ,https://www.google.com/maps/place/?q=place_id:ChIJJ6m7YgCJ5zsRLFaXnkUn-DQ,part_136,2026-09-22 06:16:57,67344
Rudra Farm House,Businesses,Farm,Farm,421403,Maharashtra circle,Navi Mumbai Region,Thane Division,"Gegaon B.O, Kharid B.O, Kinholi S.O",+91 92728 07090,N/A,5.0,2.0,"Kochare Kh., Maharashtra 421402",421403,19.348762699999998,73.5686803,ChIJ3U6OzHNl3TsRZovaqVy0SQM,https://www.google.com/maps/place/?q=place_id:ChIJ3U6OzHNl3TsRZovaqVy0SQM,part_136,2026-09-22 06:16:57,67345
Pondhekar home,Businesses,Housing complex,Housing complex,421403,Maharashtra circle,Navi Mumbai Region,Thane Division,"Gegaon B.O, Kharid B.O, Kinholi S.O",N/A,N/A,5.0,1.0,"CHVG+5W7, Tembhurli, Maharashtra 421601",421403,19.442914899999998,73.5772835,ChIJrxOs9z973TsRWMVlmr4b1jY,https://www.google.com/maps/place/?q=place_id:ChIJrxOs9z973TsRWMVlmr4b1jY,part_136,2026-09-22 06:16:57,67346
New India cement products,Businesses,Warehouse,Warehouse,421403,Maharashtra circle,Navi Mumbai Region,Thane Division,"Gegaon B.O, Kharid B.O, Kinholi S.O",N/A,N/A,5.0,2.0,"7FPQ+956, Umbarpada, Maharashtra 421401",421403,19.2859226,73.4878913,ChIJF2_FrElj3TsRgwO3sKnkwVw,https://www.google.com/maps/place/?q=place_id:ChIJF2_FrElj3TsRgwO3sKnkwVw,part_136,2026-09-22 06:16:57,67347
Patilwadi homestay ( dattameena fram),Businesses,Farm,"Farm, Home Stay",421403,Maharashtra circle,Navi Mumbai Region,Thane Division,"Gegaon B.O, Kharid B.O, Kinholi S.O",+91 98920 34323,N/A,5.0,4.0,"Sangam-Kasgaon, Road, Sangam, Maharashtra 421401",421403,19.326078499999998,73.50021079999999,ChIJ6fbkePBj3TsROCGZDVuecSI,https://www.google.com/maps/place/?q=place_id:ChIJ6fbkePBj3TsROCGZDVuecSI,part_136,2026-09-22 06:16:57,67348
Navapada,Businesses,Housing complex,Housing complex,421403,Maharashtra circle,Navi Mumbai Region,Thane Division,"Gegaon B.O, Kharid B.O, Kinholi S.O",N/A,N/A,5.0,1.0,"7FMJ+PQ7, Murbad, Narayangaon, Maharashtra 421401",421403,19.2842901,73.4819148,ChIJ6yOJDABj3TsRG55Nxd4xbuE,https://www.google.com/maps/place/?q=place_id:ChIJ6yOJDABj3TsRG55Nxd4xbuE,part_136,2026-09-22 06:16:57,67349
Devesh niwas,Businesses,Housing development,Housing development,421403,Maharashtra circle,Navi Mumbai Region,Thane Division,"Gegaon B.O, Kharid B.O, Kinholi S.O",N/A,N/A,2.0,,"9G94+V87, Vehloli Kh., Maharashtra 421403",421403,19.3696733,73.5057952,ChIJt9YJIwBj3TsRGiCU9RCy9s4,https://www.google.com/maps/place/?q=place_id:ChIJt9YJIwBj3TsRGiCU9RCy9s4,part_136,2026-09-22 06:16:57,67350
Pansare Building,Businesses,Apartment building,Apartment building,421403,Maharashtra circle,Navi Mumbai Region,Thane Division,"Gegaon B.O, Kharid B.O, Kinholi S.O",N/A,N/A,2.0,,"9F3J+8GX, Ambedkar Nagar, Kinhavali, Maharashtra 421403",Ambedkar Nagar,19.3533534,73.4813702,ChIJkfrZlB5j3TsR3Qs1g7XPPl8,https://www.google.com/maps/place/?q=place_id:ChIJkfrZlB5j3TsR3Qs1g7XPPl8,part_136,2026-09-22 06:16:57,67351
Aditya Nimase House,Businesses,Housing complex,Housing complex,421403,Maharashtra circle,Navi Mumbai Region,Thane Division,"Gegaon B.O, Kharid B.O, Kinholi S.O",N/A,N/A,5.0,,"9GC8+H55, Vehloli Kh., Maharashtra 421403",421403,19.3713768,73.5154901,ChIJL_-QCwBj3TsRafZYkUhtdD0,https://www.google.com/maps/place/?q=place_id:ChIJL_-QCwBj3TsRafZYkUhtdD0,part_136,2026-09-22 06:16:57,67352
Real infotech,Businesses,Audio visual equipment supplier,Audio visual equipment supplier,421501,Maharashtra Circle,Navi Mumbai Region,Thane Division,"Ambernath S.O, Ambernath South S.O, Kansai S.O",+91 73879 65106,https://www.realinfotech.co.in/,5.0,1.0,"702, MIDC Rd, Dhondu Desai Colony, Ambernath, Maharashtra 421501",Dhondu Desai Colony,19.200724599999997,73.1877867,ChIJE6q8jh2T5zsR4Ki64eX9E8M,https://www.google.com/maps/place/?q=place_id:ChIJE6q8jh2T5zsR4Ki64eX9E8M,part_136,2026-09-22 06:17:30,69181
Ujjwal Engineers and Environmental Services,Businesses,Environmental organization,Environmental organization,421501,Maharashtra Circle,Navi Mumbai Region,Thane Division,"Ambernath S.O, Ambernath South S.O, Kansai S.O",+91 98672 15033,http://www.ujjwalengineers.com/,5.0,13.0,"103 14A, Kailash Nagar Rd, Kailash Nagar, Shivaji Nagar, Ambernath, Maharashtra 421501","Kailash Nagar, Shivaji Nagar",19.1985964,73.18792309999999,ChIJC-SFZgCT5zsRQYD4dDdNaOI,https://www.google.com/maps/place/?q=place_id:ChIJC-SFZgCT5zsRQYD4dDdNaOI,part_136,2026-09-22 06:17:30,69182
R K ENTERPRISES,Businesses,Transportation service,Transportation service,421501,Maharashtra Circle,Navi Mumbai Region,Thane Division,"Ambernath S.O, Ambernath South S.O, Kansai S.O",+91 70284 36292,N/A,5.0,5.0,"House No 06 Ground Floor, Dhonde House, Ambernath - Badlapur Rd, Dattanagar, Ambernath, Maharashtra 421506",Dattanagar,19.182949999999998,73.21275849999999,ChIJY2-iPp-T5zsRUKQpNnPDHX0,https://www.google.com/maps/place/?q=place_id:ChIJY2-iPp-T5zsRUKQpNnPDHX0,part_136,2026-09-22 06:17:30,69183
Empire Industrial Centrum,Businesses,Industrial engineer,Industrial engineer,421501,Maharashtra Circle,Navi Mumbai Region,Thane Division,"Ambernath S.O, Ambernath South S.O, Kansai S.O",+91 90711 17081,N/A,4.2,44.0,"Empire Centrum Office, Dattanagar, Ambernath, Maharashtra 421501",Dattanagar,19.186197699999997,73.2178508,ChIJAQAAAAST5zsR6nijEM_AgWM,https://www.google.com/maps/place/?q=place_id:ChIJAQAAAAST5zsR6nijEM_AgWM,part_136,2026-09-22 06:17:30,69184
Gayatri stationery and xerox and Company supply,Businesses,Stationery store,Stationery store,421501,Maharashtra Circle,Navi Mumbai Region,Thane Division,"Ambernath S.O, Ambernath South S.O, Kansai S.O",+91 90826 26077,N/A,4.3,4.0,"Shop no.5, Tara apartment, Vadavali Section, Ambernath, Maharashtra 421501",Vadavali Section,19.2031817,73.1864137,ChIJIYt5US-T5zsRJ73xHRYIKz0,https://www.google.com/maps/place/?q=place_id:ChIJIYt5US-T5zsRJ73xHRYIKz0,part_136,2026-09-22 06:17:30,69185
Stonecrop Media Pvt. Ltd.®,Businesses,Graphic designer,"Graphic designer, Design agency, Service establishment, Video editing service",421501,Maharashtra Circle,Navi Mumbai Region,Thane Division,"Ambernath S.O, Ambernath South S.O, Kansai S.O",+91 73850 04777,N/A,5.0,13.0,"Stonecrop Media Pvt. Ltd.®, 421501, India",421501,21.0680074,82.7525294,ChIJ60bYsWiT5zsRcNe_ulF6N5c,https://www.google.com/maps/place/?q=place_id:ChIJ60bYsWiT5zsRcNe_ulF6N5c,part_136,2026-09-22 06:17:30,69186
Rishabh Agrofeeds pvt Ltd,Businesses,Feed manufacturer,Feed manufacturer,421501,Maharashtra Circle,Navi Mumbai Region,Thane Division,"Ambernath S.O, Ambernath South S.O, Kansai S.O",+91 90049 22902,https://www.roaf.co.in/,,,"om shantivan bildg, 209, Ambernath, Maharashtra 421501",Shivaji Nagar,19.2006855,73.1880618,ChIJr5SG7T2T5zsRr_XvYPe0A1A,https://www.google.com/maps/place/?q=place_id:ChIJr5SG7T2T5zsRr_XvYPe0A1A,part_136,2026-09-22 06:17:30,69187
autovate,Businesses,Automation company,Automation company,421501,Maharashtra Circle,Navi Mumbai Region,Thane Division,"Ambernath S.O, Ambernath South S.O, Kansai S.O",N/A,N/A,,,"sai tower, Shivaji Nagar, Kalyan, Ambernath, Maharashtra 421501",Shivaji Nagar,19.2006855,73.1880618,ChIJM7P02oWT5zsR7EyJsmu85i0,https://www.google.com/maps/place/?q=place_id:ChIJM7P02oWT5zsR7EyJsmu85i0,part_136,2026-09-22 06:17:30,69188
Raigad Cooperative Housing Society,Businesses,Housing development,Housing development,421501,Maharashtra Circle,Navi Mumbai Region,Thane Division,"Ambernath S.O, Ambernath South S.O, Kansai S.O",N/A,N/A,4.0,40.0,"652Q+M63, Shivaji Nagar, Ambernath, Maharashtra 421501",Shivaji Nagar,19.2016383,73.18804209999999,ChIJTxMws36T5zsR6lNxOfEkCtg,https://www.google.com/maps/place/?q=place_id:ChIJTxMws36T5zsR6lNxOfEkCtg,part_136,2026-09-22 06:17:30,69189
VPS E-Commerce,Businesses,Business management consultant,Business management consultant,421501,Maharashtra Circle,Navi Mumbai Region,Thane Division,"Ambernath S.O, Ambernath South S.O, Kansai S.O",+91 85912 87783,http://vpsecom.com/,5.0,2.0,"1112, Mohan Nano Estate, Shivaji Nagar, Ambernath, Maharashtra 421501",Shivaji Nagar,19.2006855,73.1880618,ChIJq6qqqn6T5zsRAb6D4flg_Z4,https://www.google.com/maps/place/?q=place_id:ChIJq6qqqn6T5zsRAb6D4flg_Z4,part_136,2026-09-22 06:17:30,69190
Top Ten Electronics Shoppe,Businesses,Electronics Company,"Electronics Company, Electronics store, Electronics wholesaler",421501,Maharashtra Circle,Navi Mumbai Region,Thane Division,"Ambernath S.O, Ambernath South S.O, Kansai S.O",+91 90823 76803,https://www.toptenelectronics.in/,5.0,,"Shop no 1 CTS no 7046 to 7501 hallyachapada, Shiv Mandir Road, Ambernath East, Ambernath, Maharashtra 421501","Ambernath East, Vadavali",19.2073121,73.1855281,ChIJdUzeMQCT5zsRd8l69Pxgi7M,https://www.google.com/maps/place/?q=place_id:ChIJdUzeMQCT5zsRd8l69Pxgi7M,part_136,2026-09-22 06:17:31,69191
Soyo Systems- Your Best solar installer,Businesses,Solar Energy Company,Solar Energy Company,421501,Maharashtra Circle,Navi Mumbai Region,Thane Division,"Ambernath S.O, Ambernath South S.O, Kansai S.O",+91 96990 77072,https://www.soyosystems.co.in/,4.9,,"Ground floor, Mhada Colony, Row house no.4, Hruta Bunglow, near mahangar gas CNG station, Mahalaxmi Nagar, Ambernath, Maharashtra 421501",Mahalaxmi Nagar,19.1912028,73.1970381,ChIJzffJXc-T5zsRkB-RXcu15a4,https://www.google.com/maps/place/?q=place_id:ChIJzffJXc-T5zsRkB-RXcu15a4,part_136,2026-09-22 06:17:31,69192
eAarviTech Business Consultants,Businesses,Consultant,Consultant,421501,Maharashtra Circle,Navi Mumbai Region,Thane Division,"Ambernath S.O, Ambernath South S.O, Kansai S.O",N/A,https://www.eaarvitech.com/,5.0,,"Shop 2, VISHNU HEIGHTS, Loknagari Rd, Loknagari, Ambernath, Maharashtra 421501",Loknagari,19.193355999999998,73.18115639999999,ChIJEYSX1TWV5zsRaxtelomDjFw,https://www.google.com/maps/place/?q=place_id:ChIJEYSX1TWV5zsRaxtelomDjFw,part_136,2026-09-22 06:17:31,69193
Adhiraj Treding Company,Businesses,Farm,Farm,421501,Maharashtra Circle,Navi Mumbai Region,Thane Division,"Ambernath S.O, Ambernath South S.O, Kansai S.O",+91 82088 53294,N/A,,,"Stall No 2, Jay Malhar Enterprises, Kalyan - Badlapur Rd, near Tehsildar Office, Ambernath East, Kansai Section, Ambernath, Maharashtra 421501","Ambernath East, Kansai Section",19.212889699999998,73.1865049,ChIJC88xaTOT5zsRqtW19o-FPPw,https://www.google.com/maps/place/?q=place_id:ChIJC88xaTOT5zsRqtW19o-FPPw,part_136,2026-09-22 06:17:31,69194
MaxPlus Global India Pvt Ltd,Businesses,Software company,Software company,421502,Maharashtra Circle,Navi Mumbai Region,Thane Division,O.E.Ambernath S.O,N/A,N/A,4.0,4.0,"1090, Nr Singh Colony, Jawsaigaon, Ambernath, Maharashtra 421502",Jawsaigaon,19.2262056,73.1902499,ChIJhfidWoyT5zsR-11GZAQyjqA,https://www.google.com/maps/place/?q=place_id:ChIJhfidWoyT5zsR-11GZAQyjqA,part_136,2026-09-22 06:18:05,70536
Bobby,Businesses,Housing society,Housing society,421502,Maharashtra Circle,Navi Mumbai Region,Thane Division,O.E.Ambernath S.O,N/A,N/A,4.0,1.0,"65HQ+53X, Ambernath, Maharashtra 421502",421502,19.2279896,73.1877466,ChIJ24CFMRaT5zsRk1xo4TyC1Nw,https://www.google.com/maps/place/?q=place_id:ChIJ24CFMRaT5zsRk1xo4TyC1Nw,part_136,2026-09-22 06:18:05,70537
Waghwadi,Businesses,Housing society,Housing society,421502,Maharashtra Circle,Navi Mumbai Region,Thane Division,O.E.Ambernath S.O,N/A,N/A,5.0,1.0,"65HM+C7V, Ambernath, Maharashtra 421502",421502,19.2286181,73.1831577,ChIJV2uPkMWT5zsRob3ntda0AEQ,https://www.google.com/maps/place/?q=place_id:ChIJV2uPkMWT5zsRob3ntda0AEQ,part_136,2026-09-22 06:18:05,70538
PVI Solution,Businesses,Software company,Software company,421502,Maharashtra Circle,Navi Mumbai Region,Thane Division,O.E.Ambernath S.O,N/A,N/A,5.0,1.0,"Shop No.29, Sudarshan Pride, near Gaikar Residency, Jawsaigaon, Ambernath, Maharashtra 421502",Jawsaigaon,19.2279785,73.1926579,ChIJSUq8NYaT5zsR7qfuMq9hvCA,https://www.google.com/maps/place/?q=place_id:ChIJSUq8NYaT5zsR7qfuMq9hvCA,part_136,2026-09-22 06:18:05,70539
Defence Colony Chowk Ambernath,Businesses,Housing society,Housing society,421502,Maharashtra Circle,Navi Mumbai Region,Thane Division,O.E.Ambernath S.O,N/A,N/A,4.2,14.0,"65HP+4WM, Ambernath, Varp, Maharashtra 421502",421502,19.227834599999998,73.1873092,ChIJCZHuEnmT5zsR1SM-GqEdblc,https://www.google.com/maps/place/?q=place_id:ChIJCZHuEnmT5zsR1SM-GqEdblc,part_136,2026-09-22 06:18:05,70540
H1/2,Businesses,Apartment building,Apartment building,421502,Maharashtra Circle,Navi Mumbai Region,Thane Division,O.E.Ambernath S.O,N/A,N/A,4.5,2.0,"65CQ+6HC, Ambernath, Maharashtra 421502",421502,19.2205636,73.18887959999999,ChIJlU33GQCT5zsRSK6OT8nNgVI,https://www.google.com/maps/place/?q=place_id:ChIJlU33GQCT5zsRSK6OT8nNgVI,part_136,2026-09-22 06:18:05,70541
Business Builder,Businesses,Business management consultant,"Business management consultant, Service establishment",421502,Maharashtra Circle,Navi Mumbai Region,Thane Division,O.E.Ambernath S.O,N/A,N/A,,,"Business Builder, 421502, India",421502,14.157641199999999,-17.464332199999998,ChIJW4AQvqyT5zsRsFwNJlJezXs,https://www.google.com/maps/place/?q=place_id:ChIJW4AQvqyT5zsRsFwNJlJezXs,part_136,2026-09-22 06:18:05,70542
Swaroop niwas,Businesses,Housing society,Housing society,421502,Maharashtra Circle,Navi Mumbai Region,Thane Division,O.E.Ambernath S.O,N/A,N/A,5.0,1.0,"6 number road, laxminagar, Jawsaigaon, Ambernath, Maharashtra 421502",Jawsaigaon,19.2278199,73.19226669999999,ChIJrd3NbOyT5zsRf0Ny_01h3Ds,https://www.google.com/maps/place/?q=place_id:ChIJrd3NbOyT5zsRf0Ny_01h3Ds,part_136,2026-09-22 06:18:05,70543
JEET KAMBLE,Businesses,Housing society,Housing society,421502,Maharashtra Circle,Navi Mumbai Region,Thane Division,O.E.Ambernath S.O,N/A,N/A,,,"65FV+C8W, near Ram Mandir, Ambernath, Maharashtra 421502",421502,19.223544999999998,73.19358299999999,ChIJZRkWYACT5zsRB-S1XCUCSz8,https://www.google.com/maps/place/?q=place_id:ChIJZRkWYACT5zsRB-S1XCUCSz8,part_136,2026-09-22 06:18:05,70544
Maharashtra power loundry,Businesses,Laundry service,Laundry service,421502,Maharashtra Circle,Navi Mumbai Region,Thane Division,O.E.Ambernath S.O,+91 85549 68823,https://loundryservices.com/,5.0,1.0,"J TYPE,DHOBIGHAT, Ordnance Estate Rd, near MPF GROUND, Ambernath, Maharashtra 421502",421502,19.2220119,73.192387,ChIJuzPeeWaT5zsRwgYHXYNvHyc,https://www.google.com/maps/place/?q=place_id:ChIJuzPeeWaT5zsRwgYHXYNvHyc,part_136,2026-09-22 06:18:05,70545
Shree Samarth chowk,Businesses,Housing society,Housing society,421502,Maharashtra Circle,Navi Mumbai Region,Thane Division,O.E.Ambernath S.O,N/A,N/A,5.0,1.0,"65HR+6H9, Jawsaigaon, Ambernath, Maharashtra 421502",Jawsaigaon,19.2280305,73.19147319999999,ChIJa1vcQACT5zsRFFTocLZT1y8,https://www.google.com/maps/place/?q=place_id:ChIJa1vcQACT5zsRFFTocLZT1y8,part_136,2026-09-22 06:18:05,70546
Natu bhai,Businesses,Housing complex,Housing complex,421502,Maharashtra Circle,Navi Mumbai Region,Thane Division,O.E.Ambernath S.O,N/A,N/A,5.0,3.0,"near Ram Mandir, Ambernath, Maharashtra 421502",421502,19.223623099999998,73.1933152,ChIJ4w_O2e-T5zsRS302L0xfoWs,https://www.google.com/maps/place/?q=place_id:ChIJ4w_O2e-T5zsRS302L0xfoWs,part_136,2026-09-22 06:18:05,70547
Swati Petro Products Private Limited,Businesses,Chemical Manufacturer,Chemical Manufacturer,421502,Maharashtra Circle,Navi Mumbai Region,Thane Division,O.E.Ambernath S.O,+91 72764 22244,http://www.swatipetro.in/,5.0,3.0,"Chemical Zone, Plot B-18, MIDC Rd, Old Bhendipada, Ambernath, Maharashtra 421501",Old Bhendipada,19.2131619,73.18319989999999,ChIJ_VXXRQCT5zsRQfjttIA32uo,https://www.google.com/maps/place/?q=place_id:ChIJ_VXXRQCT5zsRQfjttIA32uo,part_136,2026-09-22 06:18:05,70548
Prajeeta Enterprises,Businesses,Financial consultant,Financial consultant,421502,Maharashtra Circle,Navi Mumbai Region,Thane Division,O.E.Ambernath S.O,+91 91672 85505,N/A,5.0,22.0,"R No 4, Anne Villa, Phadke Road, Fatima Colony, Subhaswadi, Ambernath, Maharashtra 421505","Fatima Colony, Subhaswadi",19.2148316,73.1916487,ChIJRcK_OWKT5zsREXm_Y3EWG9U,https://www.google.com/maps/place/?q=place_id:ChIJRcK_OWKT5zsREXm_Y3EWG9U,part_136,2026-09-22 06:18:05,70549
Athena Drug Delivery Solutions Pvt Ltd,Businesses,Pharmaceutical company,Pharmaceutical company,421502,Maharashtra Circle,Navi Mumbai Region,Thane Division,O.E.Ambernath S.O,+91 251 661 3100,http://www.athenapharmaceutiques.com/,4.5,15.0,"Athena Drug Delivery Solutions Pvt Ltd,, A1-A5, Chemical Zone, MIDC, Ambernath, Maharashtra 421501",421502,19.2164879,73.1793515,ChIJFfkszXmU5zsRQRVkD0NSEBk,https://www.google.com/maps/place/?q=place_id:ChIJFfkszXmU5zsRQRVkD0NSEBk,part_136,2026-09-22 06:18:05,70550
NEXGENN TECHNOLOGIES,Businesses,Software company,Software company,421502,Maharashtra Circle,Navi Mumbai Region,Thane Division,O.E.Ambernath S.O,+91 73875 22331,https://nexgenntechnologies.com/,5.0,5.0,"Flat 604, Daisy Garden, West, Suprabhat HSG Colony, Wadwa, Kamlakar Nagar, Ambernath, Maharashtra 421505","Suprabhat HSG Colony, Wadwa, Kamlakar Nagar",19.2210797,73.1974099,ChIJ6RwmLW2T5zsRgREzhB4-fRM,https://www.google.com/maps/place/?q=place_id:ChIJ6RwmLW2T5zsRgREzhB4-fRM,part_136,2026-09-22 06:18:05,70551
Thanekar Group,Businesses,Real Estate Builders & Construction Company,Real Estate Builders & Construction Company,421502,Maharashtra Circle,Navi Mumbai Region,Thane Division,O.E.Ambernath S.O,+91 74000 50999,http://www.thanekargroup.com/,3.9,64.0,"Ground floor, Bhagirathi Garden, opposite ST bus stand, near Utkarsh Hospital, Badlapur West, Sarvodaynagar, Manjarli, Mumbai, Badlapur, Maharashtra 421503","Badlapur West, Sarvodaynagar, Manjarli",19.1680867,73.2357578,ChIJx-tqhNOS5zsRpjYoX-rO2iQ,https://www.google.com/maps/place/?q=place_id:ChIJx-tqhNOS5zsRpjYoX-rO2iQ,part_136,2026-09-22 06:18:05,70552
Blue Jet Healthcare Private Limited,Businesses,Pharmaceutical company,Pharmaceutical company,421502,Maharashtra Circle,Navi Mumbai Region,Thane Division,O.E.Ambernath S.O,+91 251 261 0736,http://www.bluejethealthcare.com/,4.0,40.0,"B-12, C-4, E-2, M.I.D.C Chemical Zone, Kalyan - Badlapur Road, Thane District, Ambernath, Maharashtra 421502",421502,19.215097,73.17873809999999,ChIJLXsZsXmU5zsRCRXocmcPcYo,https://www.google.com/maps/place/?q=place_id:ChIJLXsZsXmU5zsRCRXocmcPcYo,part_136,2026-09-22 06:18:05,70553
Vcline Solutions LLP,Businesses,Manufacturer,"Manufacturer, Paper bag supplier",421502,Maharashtra Circle,Navi Mumbai Region,Thane Division,O.E.Ambernath S.O,+91 70572 49698,N/A,5.0,73.0,"Phase 2, GNP Galaxy, Shop No 5, Second Floor, Kalyan - Badlapur Rd, Vadol Gaon, Waldhuni, Ambernath, Maharashtra 421502","Vadol Gaon, Waldhuni",19.2202826,73.1711943,ChIJwzpADCvP5zsR4PXcZPH5l5g,https://www.google.com/maps/place/?q=place_id:ChIJwzpADCvP5zsR4PXcZPH5l5g,part_136,2026-09-22 06:18:06,70554
Nashik Chawl,Businesses,Apartment building,Apartment building,421502,Maharashtra Circle,Navi Mumbai Region,Thane Division,O.E.Ambernath S.O,N/A,N/A,4.1,11.0,"65GR+HH2, Jawsaigaon, Ambernath, Maharashtra 421502",Jawsaigaon,19.2263989,73.19139,ChIJ9awwrI2T5zsRM_G40cYlWy0,https://www.google.com/maps/place/?q=place_id:ChIJ9awwrI2T5zsRM_G40cYlWy0,part_136,2026-09-22 06:18:06,70555
PUSHPA NIWAS,Businesses,Housing complex,Housing complex,421502,Maharashtra Circle,Navi Mumbai Region,Thane Division,O.E.Ambernath S.O,N/A,N/A,5.0,1.0,"Pushpa niwas, near maya hotel, Jawsaigaon, Ambernath, Maharashtra 421502",Jawsaigaon,19.2269294,73.19104639999999,ChIJo6YDIgCT5zsRv-w7uVZHgIw,https://www.google.com/maps/place/?q=place_id:ChIJo6YDIgCT5zsRv-w7uVZHgIw,part_136,2026-09-22 06:18:06,70556
Sanskar Farmhouse & Resort,Businesses,Farm,Farm,421503,Maharashtra Circle,Navi Mumbai Region,Thane Division,"Kulgaon S.O, Badlapur E.D. B.O, Chargaon B.O",+91 98190 01212,N/A,4.6,,"Kanhor Rd, near Balasaheb Mhatre Polytechnic, Badlapur, Kanhor, Maharashtra 421503",421503,19.147230399999998,73.278596,ChIJFcimvo7z5zsRCpMB7PzSRIU,https://www.google.com/maps/place/?q=place_id:ChIJFcimvo7z5zsRCpMB7PzSRIU,part_136,2026-09-22 06:18:39,72366
Shree Web Hosting,Businesses,Web hosting company,Web hosting company,421503,Maharashtra Circle,Navi Mumbai Region,Thane Division,"Kulgaon S.O, Badlapur E.D. B.O, Chargaon B.O",+91 87888 97374,https://shreewebhosting.com/,4.8,,"167, Barvi dam road, mulgaon Badlapur, Thene , Maharashtra, 421503, Badlapur, Maharashtra 421503",421503,19.1684002,73.2983613,ChIJLWJKDLXy5zsR3oAMezUubkQ,https://www.google.com/maps/place/?q=place_id:ChIJLWJKDLXy5zsR3oAMezUubkQ,part_136,2026-09-22 06:18:39,72367
ALMOST HEAVEN CONVENTION CENTRE (LIGHTHOUSE),Businesses,Place of worship,Place of worship,421503,Maharashtra Circle,Navi Mumbai Region,Thane Division,"Kulgaon S.O, Badlapur E.D. B.O, Chargaon B.O",+91 98336 67993,http://www.cjci.in/,4.9,50.0,"Barvi Dam Rd, Chargaon, Sonavale, Maharashtra 421503",421503,19.1618785,73.3192818,ChIJe8VkRz7z5zsRsFyNL50aqaY,https://www.google.com/maps/place/?q=place_id:ChIJe8VkRz7z5zsRsFyNL50aqaY,part_136,2026-09-22 06:18:39,72368
Shankar Traders RMC Plant,Businesses,Road Contractor,Road Contractor,421503,Maharashtra Circle,Navi Mumbai Region,Thane Division,"Kulgaon S.O, Badlapur E.D. B.O, Chargaon B.O",N/A,N/A,,,"57CH+9HW, Badlapur - Boradpada - Mhasa Rd, Rahatoli, Maharashtra 421503",421503,19.1709858,73.2789659,ChIJnYPd64SN5zsRNwdEDN-CRpw,https://www.google.com/maps/place/?q=place_id:ChIJnYPd64SN5zsRNwdEDN-CRpw,part_136,2026-09-22 06:18:39,72369
Anand Vaibhav by Radhe Govind Developers,Businesses,Housing development,Housing development,421503,Maharashtra Circle,Navi Mumbai Region,Thane Division,"Kulgaon S.O, Badlapur E.D. B.O, Chargaon B.O",N/A,N/A,4.0,,"56PV+WGM, Badlapur, Kanhor, Maharashtra 421503",421503,19.1477497,73.301215,ChIJsYduSWrz5zsR2H0OMdSl4Ow,https://www.google.com/maps/place/?q=place_id:ChIJsYduSWrz5zsR2H0OMdSl4Ow,part_136,2026-09-22 06:18:39,72370
Vikash Mitul Birla Paper Mills Pvt Ltd || Best Cartons Company || VM Birla Cartons || Best Carton Company Near by me ||,Businesses,Packaging company,"Packaging company, Manufacturer",421503,Maharashtra Circle,Navi Mumbai Region,Thane Division,"Kulgaon S.O, Badlapur E.D. B.O, Chargaon B.O",+91 86005 30103,N/A,4.8,,"Plot no. A-49, Maharashtra Industrial Development Corporation, Badlapur, Maharashtra 421503",Maharashtra Industrial Development Corporation,19.155531,73.2440314,ChIJ00nS5uLz5zsRrITYb6_p0Qo,https://www.google.com/maps/place/?q=place_id:ChIJ00nS5uLz5zsRrITYb6_p0Qo,part_136,2026-09-22 06:18:40,72371
Noor Compound,Businesses,Manufacturer,Manufacturer,421503,Maharashtra Circle,Navi Mumbai Region,Thane Division,"Kulgaon S.O, Badlapur E.D. B.O, Chargaon B.O",N/A,N/A,5.0,,"47X7+HPM, Badlapur Gaon, Badlapur, Maharashtra 421503",Badlapur Gaon,19.1485848,73.2639425,ChIJ99Y5YgDt5zsRMuRUpE7E9wk,https://www.google.com/maps/place/?q=place_id:ChIJ99Y5YgDt5zsRMuRUpE7E9wk,part_136,2026-09-22 06:18:40,72372
Sahyadri Solar,Businesses,Solar Energy Company,Solar Energy Company,421503,Maharashtra Circle,Navi Mumbai Region,Thane Division,"Kulgaon S.O, Badlapur E.D. B.O, Chargaon B.O",+91 98234 44709,https://sahyadrisolar.com/,4.9,,"Vandanam Apt, Rameshwadi, Badlapur, Maharashtra 421503",Rameshwadi,19.1662715,73.24845979999999,ChIJr6-q1ARCy0QR6D3bgnVs7Ms,https://www.google.com/maps/place/?q=place_id:ChIJr6-q1ARCy0QR6D3bgnVs7Ms,part_136,2026-09-22 06:18:40,72373
Kadam Enterprises - Manufacturer of paper plates and raw material,Businesses,Manufacturer,Manufacturer,421503,Maharashtra Circle,Navi Mumbai Region,Thane Division,"Kulgaon S.O, Badlapur E.D. B.O, Chargaon B.O",+91 90280 98877,N/A,5.0,,"421503, Badlapur Station Road, Ganesh Nagar, West, Rameshwadi, Badlapur, Maharashtra 421503","Ganesh Nagar, West, Rameshwadi",19.166396199999998,73.2571691,ChIJGUv-mQft5zsR_smatInSjI0,https://www.google.com/maps/place/?q=place_id:ChIJGUv-mQft5zsR_smatInSjI0,part_136,2026-09-22 06:18:40,72374
Siddhi Vinayak,Businesses,Manufacturer,Manufacturer,421503,Maharashtra Circle,Navi Mumbai Region,Thane Division,"Kulgaon S.O, Badlapur E.D. B.O, Chargaon B.O",N/A,N/A,5.0,,"Badlapur, Maharashtra 421503",421503,19.1691698,73.26511169999999,ChIJUWgZLwCT5zsRkE0pcXbvG6Q,https://www.google.com/maps/place/?q=place_id:ChIJUWgZLwCT5zsRkE0pcXbvG6Q,part_136,2026-09-22 06:18:40,72375
AAI EKVIRA INTERNET SERVICE,Businesses,Business networking company,Business networking company,421503,Maharashtra Circle,Navi Mumbai Region,Thane Division,"Kulgaon S.O, Badlapur E.D. B.O, Chargaon B.O",+91 70831 20648,N/A,5.0,,"Shop no 13, Atmiya Heights, west, Sonivali, Badlapur, Maharashtra 421503","west, Sonivali",19.1734266,73.2563869,ChIJw7SWc4CT5zsRn3QDbX6Xkoo,https://www.google.com/maps/place/?q=place_id:ChIJw7SWc4CT5zsRn3QDbX6Xkoo,part_136,2026-09-22 06:18:40,72376
Hyperious LLP,Businesses,Business to business service,Business to business service,421503,Maharashtra Circle,Navi Mumbai Region,Thane Division,"Kulgaon S.O, Badlapur E.D. B.O, Chargaon B.O",+91 88796 57990,https://hyperiousllp.website3.me/,,,"NX, 6th Floor, Vishnu Vatika, West, Badlapur Gaon, Badlapur, Maharashtra 421503","West, Badlapur Gaon",19.1557154,73.26352299999999,ChIJkdsf0jHt5zsRLeo8t2ZyjSY,https://www.google.com/maps/place/?q=place_id:ChIJkdsf0jHt5zsRLeo8t2ZyjSY,part_136,2026-09-22 06:18:40,72377
Vikrant Wines,Businesses,Wine store,Wine store,421503,Maharashtra Circle,Navi Mumbai Region,Thane Division,"Kulgaon S.O, Badlapur E.D. B.O, Chargaon B.O",N/A,N/A,4.1,,"421503, Patil Pada, Station Pada, Badlapur, Maharashtra 421503","Patil Pada, Station Pada",19.1667257,73.2371497,ChIJLzXcFtOS5zsRpLcbLy_uC_A,https://www.google.com/maps/place/?q=place_id:ChIJLzXcFtOS5zsRpLcbLy_uC_A,part_136,2026-09-22 06:18:40,72378
Eastman Dealer,Businesses,Battery Store,"Battery Store, Battery Wholesaler, Solar energy system service, Solar energy equipment supplier, Solar panel maintenance service",421503,Maharashtra Circle,Navi Mumbai Region,Thane Division,"Kulgaon S.O, Badlapur E.D. B.O, Chargaon B.O",+91 731 449 9501,https://eastman-dealers.eaplworld.com/near-me/thane/Badlapur/eastman-dealer-shivgeet-batteries-in-Badlapur-thane--6f8VLK/home,,,"Shivgeet Batteries, Raut Chawl, Uma Nirali Apartment, 202, Barrage Rd, Rameshwadi, Badlapur, Maharashtra 421503",Rameshwadi,19.1596938,73.2486926,ChIJhVZedVrt5zsRlqp-T1puqwE,https://www.google.com/maps/place/?q=place_id:ChIJhVZedVrt5zsRlqp-T1puqwE,part_136,2026-09-22 06:18:41,72379
M/S GALAXY,Businesses,Business to business service,Business to business service,421505,Maharashtra Circle,Navi Mumbai Region,Thane Division,"Netaji Bazar S.O, Jambhul B.O",+91 70308 06494,N/A,5.0,,"1276, Kalyan - Badlapur Rd, Ladinaka, MIDC East, Ambernath, Maharashtra 421505","Ladinaka, MIDC East",19.1992623,73.2067896,ChIJZb0k8dWT5zsR17aSS365IDM,https://www.google.com/maps/place/?q=place_id:ChIJZb0k8dWT5zsR17aSS365IDM,part_136,2026-09-22 06:19:14,72924
Gaurav Valke and Company,Businesses,Certified public accountant,Certified public accountant,421505,Maharashtra Circle,Navi Mumbai Region,Thane Division,"Netaji Bazar S.O, Jambhul B.O",N/A,N/A,5.0,,"Globe Business Park, west, Ambivali Tarf Chon, Maharashtra 421505",421505,19.2040202,73.2234557,ChIJ-U-HgOOT5zsRIc7F-jcFTYk,https://www.google.com/maps/place/?q=place_id:ChIJ-U-HgOOT5zsRIc7F-jcFTYk,part_136,2026-09-22 06:19:14,72925
Kona engineering,Businesses,Manufacturer,Manufacturer,421505,Maharashtra Circle,Navi Mumbai Region,Thane Division,"Netaji Bazar S.O, Jambhul B.O",N/A,N/A,5.0,,"56VH+6C, Ambernath, Jambhul, Maharashtra 421505",421505,19.1930896,73.2285466,ChIJaSBFJACT5zsRpZTM8XZRbS4,https://www.google.com/maps/place/?q=place_id:ChIJaSBFJACT5zsRpZTM8XZRbS4,part_136,2026-09-22 06:19:14,72926
Jai Malhar Enterprises,Businesses,Housing complex,Housing complex,421505,Maharashtra Circle,Navi Mumbai Region,Thane Division,"Netaji Bazar S.O, Jambhul B.O",N/A,N/A,5.0,,"665M+MVW, Kalyan, Vasat Village, Maharashtra 421505",421505,19.209229399999998,73.2347064,ChIJ5eSRYgCT5zsRGvn7SDiIQHE,https://www.google.com/maps/place/?q=place_id:ChIJ5eSRYgCT5zsRGvn7SDiIQHE,part_136,2026-09-22 06:19:14,72927
SS BOARD MILL,Businesses,Paper mill,Paper mill,421505,Maharashtra Circle,Navi Mumbai Region,Thane Division,"Netaji Bazar S.O, Jambhul B.O",+91 89839 92299,N/A,5.0,,"Jambhul-Vasat, Shanti Sagar road, Badlapur, Maharashtra 421505",421505,19.2037275,73.23526439999999,ChIJgYyVxgmT5zsRXW8puBcY2BI,https://www.google.com/maps/place/?q=place_id:ChIJgYyVxgmT5zsRXW8puBcY2BI,part_136,2026-09-22 06:19:14,72928
Solar Chemferts Pvt Ltd,Businesses,Manufacturer,Manufacturer,421505,Maharashtra Circle,Navi Mumbai Region,Thane Division,"Netaji Bazar S.O, Jambhul B.O",+91 251 268 4069,http://www.solarchemferts.com/,3.6,,"swastik compound, Plot no 15,16, Solar chemferts pvt Ltd, 21/10, Chikloli MIDC West, Ladinaka, Morivali, Ambernath, Maharashtra 421505","Ladinaka, Morivali",19.198273399999998,73.2036068,ChIJ3a-d9HKT5zsRIHPK3FOs5mI,https://www.google.com/maps/place/?q=place_id:ChIJ3a-d9HKT5zsRIHPK3FOs5mI,part_136,2026-09-22 06:19:14,72929
MIDC Jambhul,Businesses,Water purification company,Water purification company,421505,Maharashtra Circle,Navi Mumbai Region,Thane Division,"Netaji Bazar S.O, Jambhul B.O",N/A,N/A,4.5,,"56XF+GVH, Jambhul, Maharashtra 421505",421505,19.198813899999998,73.2247443,ChIJrUwEBuuT5zsRxZpaw6YVZA8,https://www.google.com/maps/place/?q=place_id:ChIJrUwEBuuT5zsRxZpaw6YVZA8,part_136,2026-09-22 06:19:14,72930
Hanish engineering works,Businesses,Manufacturer,Manufacturer,421505,Maharashtra Circle,Navi Mumbai Region,Thane Division,"Netaji Bazar S.O, Jambhul B.O",N/A,N/A,5.0,,"1, Eranjad, Ulhasnagar, Ambernath, Maharashtra 421505",Eranjad,19.1947766,73.2138276,ChIJo5_LOACT5zsRJ7CUjzqrEks,https://www.google.com/maps/place/?q=place_id:ChIJo5_LOACT5zsRJ7CUjzqrEks,part_136,2026-09-22 06:19:14,72931
Eram Solar - Rooftop Commerical Solar Panel Installation in Ambernath,Businesses,Solar Energy Company,Solar Energy Company,421505,Maharashtra Circle,Navi Mumbai Region,Thane Division,"Netaji Bazar S.O, Jambhul B.O",+91 77740 11993,https://www.eramsolar.net/commercial-solar-panel-installation-services-in-ambernath.html,5.0,,"Globe business, Eram Solar, B-202, Plot no 30, MIDC East, Ambernath, Maharashtra 421505","Ladinaka, MIDC East",19.1997777,73.20682719999999,ChIJ56rPVwCT5zsRBoHklXTZJrE,https://www.google.com/maps/place/?q=place_id:ChIJ56rPVwCT5zsRBoHklXTZJrE,part_136,2026-09-22 06:19:14,72932
HAYAT FARM,Businesses,Farm,Farm,421505,Maharashtra Circle,Navi Mumbai Region,Thane Division,"Netaji Bazar S.O, Jambhul B.O",N/A,N/A,5.0,,"668C+7XJ, Vasat Village, Maharashtra 421505",421505,19.2157195,73.2223803,ChIJG36pGACT5zsRR-5wQyuAg5Y,https://www.google.com/maps/place/?q=place_id:ChIJG36pGACT5zsRR-5wQyuAg5Y,part_136,2026-09-22 06:19:14,72933
Shree Ganesha Enterprise,Businesses,Legal services,Legal services,421505,Maharashtra Circle,Navi Mumbai Region,Thane Division,"Netaji Bazar S.O, Jambhul B.O",+91 82085 69252,N/A,5.0,,"Shop No 3, Siddharth Nagar, Jambhul Rd, opp. Tulsi Sanidhya, West, Dattanagar, Ambernath, Maharashtra 421505","West, Dattanagar",19.1896442,73.2182443,ChIJT0vG5MGT5zsRdIBR8-iW4HU,https://www.google.com/maps/place/?q=place_id:ChIJT0vG5MGT5zsRdIBR8-iW4HU,part_136,2026-09-22 06:19:14,72934
SAVI CNC,Businesses,Manufacturer,"Manufacturer, Service establishment",421505,Maharashtra Circle,Navi Mumbai Region,Thane Division,"Netaji Bazar S.O, Jambhul B.O",N/A,https://www.savicnc.com/,4.4,,"SAVI CNC, 421505, India",421505,19.1881055,73.21840999999999,ChIJN_BQeC2T5zsR0bg6pfkzejU,https://www.google.com/maps/place/?q=place_id:ChIJN_BQeC2T5zsR0bg6pfkzejU,part_136,2026-09-22 06:19:14,72935
Dev Enterprises,Businesses,Business to business service,Business to business service,421505,Maharashtra Circle,Navi Mumbai Region,Thane Division,"Netaji Bazar S.O, Jambhul B.O",+91 98235 17522,N/A,5.0,2.0,"Kalyan - Badlapur Rd, Ladinaka, New Balaji Nagar, Ambernath, Maharashtra 421505","Ladinaka, New Balaji Nagar",19.2043593,73.2051876,ChIJD0k_7XST5zsR-jlAYrE-16A,https://www.google.com/maps/place/?q=place_id:ChIJD0k_7XST5zsR-jlAYrE-16A,part_136,2026-09-22 06:19:15,72936
Globe Business Park,Businesses,Businesses,Businesses,421505,Maharashtra Circle,Navi Mumbai Region,Thane Division,"Netaji Bazar S.O, Jambhul B.O",N/A,N/A,,,"Lakshmi Nagar, Housing Board Colony, Ambernath, Maharashtra 421505","Lakshmi Nagar, Housing Board Colony",19.2099725,73.19386899999999,ChIJtSKGKoOT5zsRKyICLUnfW24,https://www.google.com/maps/place/?q=place_id:ChIJtSKGKoOT5zsRKyICLUnfW24,part_136,2026-09-22 06:19:15,72937
Plasmatron India - Surface Engineering Services,Businesses,Manufacturer,"Manufacturer, Machine shop, Thermal Energy Company",421505,Maharashtra Circle,Navi Mumbai Region,Thane Division,"Netaji Bazar S.O, Jambhul B.O",+91 77100 88833,http://www.plasmatronindia.com/,5.0,4.0,"Associated Plasmatron Pvt. Ltd., Plot No. 15,16 & 21/3,, Morivali Chikhloli MIDC, Ambernath West, Thane, Ambernath, Maharashtra 421505","Ladinaka, MIDC East",19.1968404,73.2053409,ChIJqTNvr3KT5zsRjotLxzXjhT8,https://www.google.com/maps/place/?q=place_id:ChIJqTNvr3KT5zsRjotLxzXjhT8,part_136,2026-09-22 06:19:15,72938
Sinalkar Private Limited,Businesses,Manufacturer,Manufacturer,421506,Maharashtra Circle,Navi Mumbai Region,Thane Division,Additional Ambernath S.O,+91 98672 66822,N/A,5.0,,"F 91/5, Udyog Bhavan Rd, Anand Nagar, Additional M.I.D.C, Ambernath, Maharashtra 421506","Anand Nagar, Additional M.I.D.C",19.175446,73.19037039999999,ChIJL6ZYPn-T5zsRDZQS35lMdAU,https://www.google.com/maps/place/?q=place_id:ChIJL6ZYPn-T5zsRDZQS35lMdAU,part_136,2026-09-22 06:19:47,73702
Supriya Lifescience Ltd,Businesses,Manufacturer,Manufacturer,421506,Maharashtra Circle,Navi Mumbai Region,Thane Division,Additional Ambernath S.O,+91 251 663 6767,http://supriyalifescience.com/,4.7,,"n 60, Road, Additional M.I.D.C, Ambernath, Maharashtra 421506",Additional M.I.D.C,19.1700914,73.1919527,ChIJM8_5jzyT5zsRvONsFuPMMng,https://www.google.com/maps/place/?q=place_id:ChIJM8_5jzyT5zsRvONsFuPMMng,part_136,2026-09-22 06:19:47,73703
Unifab Engineering Project Pvt Ltd- F63/64,Businesses,Manufacturer,Manufacturer,421506,Maharashtra Circle,Navi Mumbai Region,Thane Division,Additional Ambernath S.O,+91 251 326 2473,http://unifabengg.com/,3.8,,"F63/F64, Additional M.I.D.C, Ambernath, Maharashtra 421506",Additional M.I.D.C,19.1747734,73.18972099999999,ChIJsyMc1VuT5zsRobnA0g4Aa9U,https://www.google.com/maps/place/?q=place_id:ChIJsyMc1VuT5zsRobnA0g4Aa9U,part_136,2026-09-22 06:19:47,73704
Rubicon Research Pvt. Ltd.,Businesses,Pharmaceutical company,Pharmaceutical company,421506,Maharashtra Circle,Navi Mumbai Region,Thane Division,Additional Ambernath S.O,+91 2162 240 309,http://www.rubicon.co.in/,4.2,,"Plot No. K30/4, &, 30/5, Anand Nagar, Additional M.I.D.C, Ambernath, Maharashtra 421506","Anand Nagar, Additional M.I.D.C",19.173824,73.20218969999999,ChIJ5TjQ1EeT5zsRaTVpH2yp9yw,https://www.google.com/maps/place/?q=place_id:ChIJ5TjQ1EeT5zsRaTVpH2yp9yw,part_136,2026-09-22 06:19:47,73705
Alan Electronic Systems Pvt. Ltd.,Businesses,Electronics Company,"Electronics Company, Medical Equipment Manufacturer",421506,Maharashtra Circle,Navi Mumbai Region,Thane Division,Additional Ambernath S.O,+91 251 262 8000,https://www.alanindia.net/,4.5,,"F-75, MIDC Additional Ambernath Industrial Area,, Anand Nagar, Jambivali Village, Ambernath East, Ambernath, Maharashtra 421506",421506,19.1725747,73.1874926,ChIJda2k_lmT5zsRHp1ajmkfUmI,https://www.google.com/maps/place/?q=place_id:ChIJda2k_lmT5zsRHp1ajmkfUmI,part_136,2026-09-22 06:19:47,73706
Metal Plants (India) Pvt Ltd,Businesses,Business center,Business center,421506,Maharashtra Circle,Navi Mumbai Region,Thane Division,Additional Ambernath S.O,+91 97692 87484,https://www.metalplants.com/,4.5,,"F36, East, Anand Nagar, Additional M.I.D.C, Ambernath, Maharashtra 421506","Anand Nagar, Additional M.I.D.C",19.176736899999998,73.1901716,ChIJCUSnlluT5zsRxCZFCTR6Qmg,https://www.google.com/maps/place/?q=place_id:ChIJCUSnlluT5zsRxCZFCTR6Qmg,part_136,2026-09-22 06:19:47,73707
Godrej Industries Limited,Businesses,Chemical Manufacturer,"Chemical Manufacturer, Manufacturer",421506,Maharashtra Circle,Navi Mumbai Region,Thane Division,Additional Ambernath S.O,+91 251 262 4000,http://www.godrej.com/,3.8,,"Plot No. N-73, Additional Ambernath Industrial Area, Anand Nagar MIDC Road, Ambernath, Jambhivali, Maharashtra 421506",Additional M.I.D.C,19.1757313,73.1973999,ChIJy-jq_0ST5zsRduqKTzt2Ydg,https://www.google.com/maps/place/?q=place_id:ChIJy-jq_0ST5zsRduqKTzt2Ydg,part_136,2026-09-22 06:19:47,73708
Macawber Engineering Systems India Pvt. Ltd,Businesses,Manufacturer,Manufacturer,421506,Maharashtra Circle,Navi Mumbai Region,Thane Division,Additional Ambernath S.O,+91 93219 84540,https://macawberindia.in/,4.3,,"F-51, MIDC Rd, Additional M.I.D.C, Ambernath, Maharashtra 421506",Additional M.I.D.C,19.1701923,73.1894131,ChIJvwg7wlCT5zsRwNEmgbPI7jk,https://www.google.com/maps/place/?q=place_id:ChIJvwg7wlCT5zsRwNEmgbPI7jk,part_136,2026-09-22 06:19:47,73709
Fine Organic Industries,Businesses,Manufacturer,Manufacturer,421506,Maharashtra Circle,Navi Mumbai Region,Thane Division,Additional Ambernath S.O,+91 22 2102 5000,http://www.fineorganics.com/,4.3,,"Plot N, 2, Additional M.I.D.C, Ambernath, Maharashtra 421506",Additional M.I.D.C,19.1738575,73.1998356,ChIJxRCB90WT5zsRrkO6xmDKbMo,https://www.google.com/maps/place/?q=place_id:ChIJxRCB90WT5zsRrkO6xmDKbMo,part_136,2026-09-22 06:19:47,73710
Singh Engineering,Businesses,Manufacturer,Manufacturer,421506,Maharashtra Circle,Navi Mumbai Region,Thane Division,Additional Ambernath S.O,+91 98200 07580,https://www.instagram.com/singhengineering35?igsh=MTYzOXRyMnVwcDY2OA==,5.0,,"Singh Engineering opposite F-4 Near ASB International company Anand Nagar MIDC, East, Ambernath, Maharashtra 421506",East,19.1774661,73.19253429999999,ChIJL6Mr06GT5zsRDiIt7PHEw8k,https://www.google.com/maps/place/?q=place_id:ChIJL6Mr06GT5zsRDiIt7PHEw8k,part_136,2026-09-22 06:19:47,73711
Kebee Power Transformers Pvt Ltd.,Businesses,Manufacturer,Manufacturer,421506,Maharashtra Circle,Navi Mumbai Region,Thane Division,Additional Ambernath S.O,+91 98694 67668,https://kebeepower.com/,4.8,,"E-56, Anand Nagar, Additional M.I.D.C, Ambernath, Maharashtra 421506","Anand Nagar, Additional M.I.D.C",19.1804403,73.1941971,ChIJ_frKOkOT5zsRBDcq3iVziD8,https://www.google.com/maps/place/?q=place_id:ChIJ_frKOkOT5zsRBDcq3iVziD8,part_136,2026-09-22 06:19:47,73712
Namau Chem Pvt Ltd,Businesses,Chemical Manufacturer,Chemical Manufacturer,421506,Maharashtra Circle,Navi Mumbai Region,Thane Division,Additional Ambernath S.O,N/A,https://www.namauchem.com/,5.0,,"Plot N27, Ambernath - Badlapur Rd, Additional M.I.D.C, Ambernath, Maharashtra 421506",Additional M.I.D.C,19.1724355,73.2017059,ChIJQ-NKl0iT5zsRbedGrMuYkIk,https://www.google.com/maps/place/?q=place_id:ChIJQ-NKl0iT5zsRbedGrMuYkIk,part_136,2026-09-22 06:19:47,73713
Amplo Elevators,Businesses,Elevator Manufacturer,"Elevator Manufacturer, Elevator service",421506,Maharashtra Circle,Navi Mumbai Region,Thane Division,Additional Ambernath S.O,+91 93227 91537,http://amploelevators.com/,4.9,,"Additional Ambernath MIDC, Anand Nagar, Ambernath, Maharashtra 421506","Anand Nagar, Additional M.I.D.C",19.1796096,73.1983754,ChIJc-lNpoOT5zsRQe4-vIkjxyE,https://www.google.com/maps/place/?q=place_id:ChIJc-lNpoOT5zsRQe4-vIkjxyE,part_136,2026-09-22 06:19:47,73714
Koerber Supply Chain India Limited,Businesses,Manufacturer,Manufacturer,421506,Maharashtra Circle,Navi Mumbai Region,Thane Division,Additional Ambernath S.O,N/A,N/A,4.6,,"17, MIDC, Additional M.I.D.C, Ambernath, Maharashtra 421506","MIDC, Additional M.I.D.C",19.1733689,73.2018463,ChIJ5zbCg8OT5zsRyZq7ihIBAok,https://www.google.com/maps/place/?q=place_id:ChIJ5zbCg8OT5zsRyZq7ihIBAok,part_136,2026-09-22 06:19:47,73715
Techqu Engineering LLP,Businesses,Manufacturer,Manufacturer,421506,Maharashtra Circle,Navi Mumbai Region,Thane Division,Additional Ambernath S.O,+91 99677 83915,http://www.techqu.co.in/,4.9,,"Plot No. E-15, behind ASB Company, Anand Nagar, MIDC, Additional M.I.D.C, Ambernath, Maharashtra 421506","Anand Nagar, MIDC, Additional M.I.D.C",19.1789055,73.1918371,ChIJtWWbEwCT5zsRhTmHhGpHpYc,https://www.google.com/maps/place/?q=place_id:ChIJtWWbEwCT5zsRhTmHhGpHpYc,part_136,2026-09-22 06:19:47,73716
RIGHT BUSINESS SOLUTIONS &SERVICES,Businesses,Consultant,Consultant,421506,Maharashtra Circle,Navi Mumbai Region,Thane Division,Additional Ambernath S.O,+91 78755 78677,N/A,5.0,,"UDYOG BHAVAN . OPP BLISS BUILDING, ADDNL AMBERNATH MIDC AREA ANANDNAGAR AMBERNATH MIDC EAST, Ambernath, Maharashtra 421506",Additional M.I.D.C,19.1828096,73.197754,ChIJGeTpUHeT5zsRsn3lCIcWM9c,https://www.google.com/maps/place/?q=place_id:ChIJGeTpUHeT5zsRsn3lCIcWM9c,part_136,2026-09-22 06:19:48,73717
Warkem Biotech,Businesses,Biotechnology company,Biotechnology company,421506,Maharashtra Circle,Navi Mumbai Region,Thane Division,Additional Ambernath S.O,+91 22 6147 1919,http://warkembiotech.com/,4.6,,"N36, Additional M.I.D.C, Ambernath, Maharashtra 421506",Additional M.I.D.C,19.1764801,73.1950172,ChIJb6Eo3EST5zsRFQ71YsT6dkY,https://www.google.com/maps/place/?q=place_id:ChIJb6Eo3EST5zsRFQ71YsT6dkY,part_136,2026-09-22 06:19:48,73718
